;machine=10 (c64m)
	!byte 170,213,213,213,213,213,213,213
	!byte 85,255,255,255,255,255,255,255
	!byte 85,255,255,255,255,255,255,255
	!byte 85,255,255,255,255,255,255,255
	!byte 85,255,255,255,255,255,255,255
	!byte 85,255,255,255,255,255,255,255
	!byte 85,255,255,255,255,255,255,255
	!byte 85,255,255,255,255,255,255,255
	!byte 85,255,255,255,255,255,255,255
	!byte 85,255,255,255,255,255,255,255
	!byte 85,255,255,255,255,255,255,255
	!byte 85,255,255,255,255,255,255,255
	!byte 85,255,255,255,255,255,255,255
	!byte 85,255,255,255,255,255,255,255
	!byte 85,255,255,255,255,255,255,255
	!byte 85,255,255,255,255,255,255,255
	!byte 85,255,255,255,255,255,255,255
	!byte 85,255,255,255,255,255,255,255
	!byte 85,255,255,255,255,255,255,255
	!byte 85,255,255,255,255,255,255,255
	!byte 85,255,255,255,255,255,255,255
	!byte 85,255,255,255,255,255,255,255
	!byte 85,255,255,255,255,255,255,255
	!byte 85,255,255,255,255,255,255,255
	!byte 85,255,255,255,255,255,255,255
	!byte 85,255,255,255,255,255,255,255
	!byte 85,255,255,255,255,255,255,255
	!byte 85,255,255,255,255,255,255,255
	!byte 85,255,255,255,255,255,255,255
	!byte 85,255,255,255,255,255,255,255
	!byte 85,255,255,255,255,255,255,255
	!byte 85,255,255,255,255,255,255,255
	!byte 85,255,255,255,255,255,255,255
	!byte 85,255,255,255,255,255,255,255
	!byte 85,255,255,255,255,255,255,255
	!byte 85,255,255,255,255,255,255,255
	!byte 85,255,255,255,255,255,255,255
	!byte 85,255,255,255,255,255,255,255
	!byte 85,255,255,255,255,255,255,255
	!byte 85,253,253,253,253,253,253,253

	!byte 127,127,127,127,127,127,127,127
	!byte 255,255,255,255,255,255,255,255
	!byte 255,255,255,255,255,255,255,255
	!byte 255,255,255,255,255,255,255,255
	!byte 255,255,255,255,255,255,255,255
	!byte 255,255,255,255,255,255,255,255
	!byte 255,255,255,255,255,255,255,255
	!byte 255,255,255,255,255,255,255,255
	!byte 255,255,255,255,255,255,255,255
	!byte 255,255,255,255,255,255,255,255
	!byte 255,255,255,255,255,255,255,255
	!byte 255,255,255,255,255,255,255,255
	!byte 255,255,255,255,255,255,255,255
	!byte 255,255,255,255,255,255,255,255
	!byte 255,255,255,255,255,255,255,255
	!byte 255,255,255,255,255,255,255,255
	!byte 255,255,255,255,255,255,255,255
	!byte 255,255,255,255,255,255,255,255
	!byte 255,255,255,255,255,255,255,255
	!byte 255,255,255,255,255,255,255,255
	!byte 255,255,255,255,255,255,255,255
	!byte 255,255,255,255,255,255,255,255
	!byte 255,255,255,255,255,255,255,255
	!byte 255,255,255,255,255,255,255,255
	!byte 255,255,255,255,255,255,255,255
	!byte 255,255,255,255,255,255,255,255
	!byte 255,255,255,255,255,255,255,255
	!byte 255,255,255,255,255,255,255,255
	!byte 255,255,255,255,255,255,255,255
	!byte 255,255,255,255,255,255,255,255
	!byte 255,255,255,255,255,255,255,255
	!byte 255,255,255,255,255,255,255,255
	!byte 255,255,255,255,255,255,255,255
	!byte 255,255,255,255,255,255,255,255
	!byte 255,255,255,255,255,255,255,255
	!byte 255,255,255,255,255,255,255,255
	!byte 255,255,255,255,255,255,255,255
	!byte 255,255,255,255,255,255,255,255
	!byte 255,255,255,255,255,255,255,255
	!byte 253,253,253,253,253,253,253,253

	!byte 127,127,127,127,127,127,127,127
	!byte 255,255,255,255,255,255,255,255
	!byte 255,255,255,255,255,255,255,255
	!byte 255,255,255,255,255,255,255,255
	!byte 255,255,255,255,255,255,255,255
	!byte 255,255,255,255,255,255,255,255
	!byte 255,255,255,255,255,255,255,255
	!byte 255,255,255,255,255,255,255,255
	!byte 255,255,255,255,255,255,255,255
	!byte 255,255,255,255,255,255,255,255
	!byte 255,255,255,255,255,255,255,255
	!byte 255,255,255,255,255,255,255,255
	!byte 255,255,255,255,255,255,255,255
	!byte 255,255,255,255,255,255,255,255
	!byte 255,255,255,255,255,255,255,255
	!byte 255,255,255,255,255,255,255,255
	!byte 255,255,255,255,255,255,255,255
	!byte 255,255,255,255,255,255,255,255
	!byte 255,255,255,255,255,255,255,255
	!byte 255,255,255,255,255,255,255,255
	!byte 255,255,255,255,255,255,255,255
	!byte 255,255,255,255,255,255,255,255
	!byte 255,255,255,255,255,255,255,255
	!byte 255,255,255,255,255,255,255,255
	!byte 255,255,255,255,255,255,255,255
	!byte 255,255,255,255,255,255,255,255
	!byte 255,255,255,255,255,255,255,255
	!byte 255,255,255,255,255,255,255,255
	!byte 255,255,255,255,255,255,255,255
	!byte 255,255,255,255,255,255,255,255
	!byte 255,255,255,255,255,255,255,255
	!byte 255,255,255,255,255,255,255,255
	!byte 255,255,255,255,255,255,255,255
	!byte 255,255,255,255,255,255,255,255
	!byte 255,255,255,255,255,255,255,255
	!byte 255,255,255,255,255,255,255,255
	!byte 255,255,255,255,255,255,255,255
	!byte 255,255,255,255,255,255,255,255
	!byte 255,255,255,255,255,255,255,255
	!byte 253,253,253,253,253,253,253,253

	!byte 127,127,127,127,127,127,127,127
	!byte 255,255,255,255,255,255,255,255
	!byte 255,255,255,255,255,255,255,255
	!byte 255,255,255,255,255,255,255,255
	!byte 255,255,255,255,255,255,255,255
	!byte 255,255,255,255,255,255,255,255
	!byte 255,255,255,255,255,255,255,255
	!byte 255,255,255,255,255,255,255,255
	!byte 255,255,255,255,255,255,255,255
	!byte 255,255,255,255,255,255,255,255
	!byte 255,255,255,255,255,255,255,255
	!byte 255,255,255,255,255,255,255,255
	!byte 255,255,255,255,255,255,255,255
	!byte 255,255,255,255,255,255,255,255
	!byte 255,255,255,255,255,255,255,255
	!byte 255,255,255,255,255,255,255,255
	!byte 255,255,255,255,255,255,255,255
	!byte 255,255,255,255,255,255,255,255
	!byte 255,255,255,255,255,255,255,255
	!byte 255,255,255,255,255,255,255,255
	!byte 255,255,255,255,255,255,255,255
	!byte 255,255,255,255,255,255,255,255
	!byte 255,255,255,255,255,255,255,255
	!byte 255,255,255,255,255,255,255,255
	!byte 255,255,255,255,255,255,255,255
	!byte 255,255,255,255,255,255,255,255
	!byte 255,255,255,255,255,255,255,255
	!byte 255,255,255,255,255,255,255,255
	!byte 255,255,255,255,255,255,255,255
	!byte 255,255,255,255,255,255,255,255
	!byte 255,255,255,255,255,255,255,255
	!byte 255,255,255,255,255,255,255,255
	!byte 255,255,255,255,255,255,255,255
	!byte 255,255,255,255,255,255,255,255
	!byte 255,255,255,255,255,255,255,255
	!byte 255,255,255,255,255,255,255,255
	!byte 255,255,255,255,255,255,255,255
	!byte 255,255,255,255,255,255,255,255
	!byte 255,255,255,255,255,255,255,255
	!byte 253,253,253,253,253,253,253,253

	!byte 127,127,127,127,127,127,127,127
	!byte 255,255,255,255,255,255,255,255
	!byte 255,255,255,255,255,255,255,255
	!byte 255,255,255,255,255,255,255,255
	!byte 255,255,255,255,255,255,255,255
	!byte 255,255,255,255,255,255,255,255
	!byte 255,255,255,255,255,255,255,255
	!byte 255,255,255,255,255,255,255,255
	!byte 255,255,255,255,255,255,255,255
	!byte 255,255,255,255,255,255,255,255
	!byte 255,255,255,255,255,255,255,255
	!byte 255,255,255,255,255,255,255,255
	!byte 255,255,255,255,255,255,255,255
	!byte 255,255,255,255,255,255,255,255
	!byte 255,255,255,255,255,255,255,255
	!byte 255,255,255,255,255,255,255,255
	!byte 255,255,255,255,255,255,255,255
	!byte 255,255,255,255,255,255,255,255
	!byte 255,255,255,255,255,255,255,255
	!byte 255,255,255,255,255,255,255,255
	!byte 255,255,255,255,255,255,255,255
	!byte 255,255,255,255,255,255,255,255
	!byte 255,255,255,255,255,255,255,255
	!byte 255,255,255,255,255,255,255,255
	!byte 255,255,255,255,255,255,255,255
	!byte 255,255,255,255,255,255,255,255
	!byte 255,255,255,255,255,255,255,255
	!byte 255,255,255,255,255,255,255,255
	!byte 255,255,255,255,255,255,255,255
	!byte 255,255,255,255,255,255,255,255
	!byte 255,255,255,255,255,255,255,255
	!byte 255,255,255,255,255,255,255,255
	!byte 255,255,255,255,255,255,255,255
	!byte 255,255,255,255,255,255,255,255
	!byte 255,255,255,255,255,255,255,255
	!byte 255,255,255,255,255,255,255,255
	!byte 255,255,255,255,255,255,255,255
	!byte 255,255,255,255,255,255,255,255
	!byte 255,255,255,255,255,255,255,255
	!byte 253,253,253,253,253,253,253,253

	!byte 127,127,127,127,127,127,127,127
	!byte 255,255,255,255,255,255,255,255
	!byte 255,255,255,255,255,255,255,255
	!byte 255,255,255,255,255,255,255,255
	!byte 255,255,255,255,255,255,255,255
	!byte 255,255,255,255,255,255,255,255
	!byte 255,255,255,255,255,255,255,255
	!byte 255,255,255,255,255,255,255,255
	!byte 255,255,255,255,255,255,255,255
	!byte 255,255,255,255,255,255,255,255
	!byte 255,255,255,255,255,255,255,255
	!byte 255,255,255,255,255,255,255,255
	!byte 255,255,255,255,255,255,255,255
	!byte 255,255,255,255,255,255,255,255
	!byte 255,255,255,255,255,255,255,255
	!byte 255,255,255,255,255,255,255,255
	!byte 255,255,255,255,255,255,255,255
	!byte 255,255,255,255,255,255,255,255
	!byte 255,255,255,255,255,255,255,255
	!byte 255,255,255,255,255,255,255,255
	!byte 255,255,255,255,255,255,255,255
	!byte 255,255,255,255,255,255,255,255
	!byte 255,255,255,255,255,255,255,255
	!byte 255,255,255,255,255,255,255,255
	!byte 255,255,255,255,255,255,255,255
	!byte 255,255,255,255,255,255,255,255
	!byte 255,255,255,255,255,255,255,255
	!byte 255,255,255,255,255,255,255,255
	!byte 255,255,255,255,255,255,255,255
	!byte 255,255,255,255,255,255,255,255
	!byte 255,255,255,255,255,255,255,255
	!byte 255,255,255,255,255,255,255,255
	!byte 255,255,255,255,255,255,255,255
	!byte 255,255,255,255,255,255,255,255
	!byte 255,255,255,255,255,255,255,255
	!byte 255,255,255,255,255,255,255,255
	!byte 255,255,255,255,255,255,255,255
	!byte 255,255,255,255,255,255,255,255
	!byte 255,255,255,255,255,255,255,255
	!byte 253,253,253,253,253,253,253,253

	!byte 127,127,127,127,127,127,127,127
	!byte 255,255,255,255,255,255,255,255
	!byte 255,255,255,255,255,255,255,255
	!byte 255,255,255,255,255,255,255,255
	!byte 255,255,255,255,255,255,255,255
	!byte 255,255,255,255,255,255,255,255
	!byte 255,255,255,255,255,255,255,255
	!byte 255,255,255,255,255,255,255,255
	!byte 255,255,255,255,255,255,255,255
	!byte 255,255,255,255,255,255,255,255
	!byte 255,255,255,255,255,255,255,255
	!byte 255,255,255,255,255,255,255,255
	!byte 255,255,255,255,255,255,255,255
	!byte 255,255,255,255,255,255,255,255
	!byte 255,255,255,255,255,255,255,255
	!byte 255,255,255,255,255,255,255,255
	!byte 255,255,255,255,255,255,255,255
	!byte 255,255,255,255,255,255,255,255
	!byte 255,255,255,255,255,255,255,255
	!byte 255,255,255,255,255,255,255,255
	!byte 255,255,255,255,255,255,255,255
	!byte 255,255,255,255,255,255,255,255
	!byte 255,255,255,255,255,255,255,255
	!byte 255,255,255,255,255,255,255,255
	!byte 255,255,255,255,255,255,255,255
	!byte 255,255,255,255,255,255,255,255
	!byte 255,255,255,255,255,255,255,255
	!byte 255,255,255,255,255,255,255,255
	!byte 255,255,255,255,255,255,255,255
	!byte 255,255,255,255,255,255,255,255
	!byte 255,255,255,255,255,255,255,255
	!byte 255,255,255,255,255,255,255,255
	!byte 255,255,255,255,255,255,255,255
	!byte 255,255,255,255,255,255,255,255
	!byte 255,255,255,255,255,255,255,255
	!byte 255,255,255,255,255,255,255,255
	!byte 255,255,255,255,255,255,255,255
	!byte 255,255,255,255,255,255,255,255
	!byte 255,255,255,255,255,255,255,255
	!byte 253,253,253,253,253,253,253,253

	!byte 119,127,119,125,127,93,119,85
	!byte 255,255,255,223,127,221,119,85
	!byte 255,255,255,253,119,221,119,85
	!byte 255,255,247,253,119,221,85,85
	!byte 255,255,127,223,119,93,87,85
	!byte 255,255,255,255,255,255,127,85
	!byte 255,255,255,255,255,255,255,85
	!byte 255,255,255,255,255,255,255,85
	!byte 255,255,255,255,255,255,255,85
	!byte 255,255,255,255,255,255,255,85
	!byte 255,255,255,255,255,255,255,85
	!byte 255,255,255,255,255,255,255,85
	!byte 255,255,255,255,255,255,255,85
	!byte 255,255,255,255,255,255,255,85
	!byte 255,255,255,255,255,255,255,85
	!byte 255,255,255,255,255,255,255,85
	!byte 255,255,255,255,255,255,255,85
	!byte 255,255,255,255,255,255,255,85
	!byte 255,255,255,255,255,255,255,85
	!byte 255,255,255,255,255,255,255,85
	!byte 255,255,255,255,255,255,255,85
	!byte 255,255,255,255,255,255,255,85
	!byte 255,255,255,255,255,255,255,85
	!byte 255,255,255,255,255,255,255,85
	!byte 255,255,255,255,255,255,255,85
	!byte 255,255,255,255,255,255,255,85
	!byte 255,255,255,255,255,255,255,85
	!byte 255,255,255,255,255,255,255,85
	!byte 255,255,255,255,255,255,255,85
	!byte 255,255,255,255,255,255,255,85
	!byte 255,255,255,255,255,255,255,85
	!byte 255,255,255,255,255,255,255,85
	!byte 255,255,255,255,255,255,255,85
	!byte 255,255,255,255,255,255,255,85
	!byte 255,255,255,255,255,255,255,85
	!byte 255,255,255,255,255,255,255,85
	!byte 255,255,255,255,255,255,255,85
	!byte 255,255,255,255,255,255,255,85
	!byte 255,255,255,255,255,255,255,85
	!byte 86,86,86,86,86,86,86,254


; The following two first values are border and background
  !byte 6,0
colora:
	!byte 138,163,163,163,163,163,163,163,163,163,163,163,163,163,163,163,163,163,163,163,163,163,163,163,163,163,163,163,163,163,163,163,163,163,163,163,163,163,163,163
	!byte 150,232,232,232,232,232,232,232,232,232,232,232,232,232,232,232,232,232,232,232,232,232,232,232,232,232,232,232,232,232,232,232,232,232,232,232,232,232,232,163
	!byte 150,232,232,232,232,232,232,232,232,232,232,232,232,232,232,232,232,232,232,232,232,232,232,232,232,232,232,232,232,232,232,232,232,232,232,232,232,232,232,163
	!byte 150,232,232,232,232,232,232,232,232,232,232,232,232,232,232,232,232,232,232,232,232,232,232,232,232,232,232,232,232,232,232,232,232,232,232,232,232,232,232,163
	!byte 150,232,232,232,232,232,232,232,232,232,232,232,232,232,232,232,232,232,232,232,232,232,232,232,232,232,232,232,232,232,232,232,232,232,232,232,232,232,232,163
	!byte 150,232,232,232,232,232,232,232,232,232,232,232,232,232,232,232,232,232,232,232,232,232,232,232,232,232,232,232,232,232,232,232,232,232,232,232,232,232,232,163
	!byte 150,232,232,232,232,232,232,232,232,232,232,232,232,232,232,232,232,232,232,232,232,232,232,232,232,232,232,232,232,232,232,232,232,232,232,232,232,232,232,163
	!byte 150,150,150,150,150,150,150,150,150,150,150,150,150,150,150,150,150,150,150,150,150,150,150,150,150,150,150,150,150,150,150,150,150,150,150,150,150,150,150,138
	!byte 6,6,0,0,0,0,0,0,0,0,0,0,0,0,0,0,0,0,0,0,0,0,0,0,0,0,0,0,0,0,0,0,0,0,0,0,0,0,0,0

; The following goes to $D800 onwards
colorb:
	!byte 9,8,8,8,8,8,8,8,8,8,8,8,8,8,8,8,8,8,8,8,8,8,8,8,8,8,8,8,8,8,8,8,8,8,8,8,8,8,8,8
	!byte 8,8,8,8,8,8,8,8,8,8,8,8,8,8,8,8,8,8,8,8,8,8,8,8,8,8,8,8,8,8,8,8,8,8,8,8,8,8,8,8
	!byte 8,8,8,8,8,8,8,8,8,8,8,8,8,8,8,8,8,8,8,8,8,8,8,8,8,8,8,8,8,8,8,8,8,8,8,8,8,8,8,8
	!byte 8,8,8,8,8,8,8,8,8,8,8,8,8,8,8,8,8,8,8,8,8,8,8,8,8,8,8,8,8,8,8,8,8,8,8,8,8,8,8,8
	!byte 8,8,8,8,8,8,8,8,8,8,8,8,8,8,8,8,8,8,8,8,8,8,8,8,8,8,8,8,8,8,8,8,8,8,8,8,8,8,8,8
	!byte 8,8,8,8,8,8,8,8,8,8,8,8,8,8,8,8,8,8,8,8,8,8,8,8,8,8,8,8,8,8,8,8,8,8,8,8,8,8,8,8
	!byte 8,8,8,8,8,8,8,8,8,8,8,8,8,8,8,8,8,8,8,8,8,8,8,8,8,8,8,8,8,8,8,8,8,8,8,8,8,8,8,8
	!byte 8,8,8,8,8,8,8,8,8,8,8,8,8,8,8,8,8,8,8,8,8,8,8,8,8,8,8,8,8,8,8,8,8,8,8,8,8,8,8,9
	!byte 6,6,0,0,0,0,0,0,0,0,0,0,0,0,0,0,0,0,0,0,0,0,0,0,0,0,0,0,0,0,0,0,0,0,0,0,0,0,0,0
