;machine=10 (c64m)

	.byte 0,0,0,0,0,0,0,0
	.byte 0,0,0,0,0,0,0,0
	.byte 0,0,0,0,0,0,0,0
	.byte 0,0,0,0,0,0,0,0
	.byte 2,2,2,2,189,189,189,189
	.byte 95,95,95,95,186,186,186,186
	.byte 247,247,247,247,168,168,168,168
	.byte 192,192,192,192,0,0,0,0
	.byte 0,0,0,0,0,0,0,0
	.byte 0,0,0,0,0,0,0,0
	.byte 253,253,253,253,250,250,250,250
	.byte 105,105,105,105,255,255,255,255
	.byte 255,255,255,255,170,170,170,170
	.byte 255,255,255,255,166,166,166,166
	.byte 252,252,252,252,150,150,150,150
	.byte 0,0,0,0,240,240,240,240
	.byte 0,0,0,0,0,0,0,0
	.byte 0,0,0,0,0,0,0,0
	.byte 3,3,3,3,3,3,3,3
	.byte 165,165,165,165,255,255,255,255
	.byte 150,150,150,150,255,255,255,255
	.byte 255,255,255,255,90,90,90,90
	.byte 255,255,255,255,166,166,166,166
	.byte 128,128,128,128,126,126,126,126
	.byte 0,0,0,0,0,0,0,0
	.byte 0,0,0,0,0,0,0,0
	.byte 0,0,0,0,0,0,0,0
	.byte 63,63,63,63,62,62,62,62
	.byte 90,90,90,90,255,255,255,255
	.byte 250,250,250,250,94,94,94,94
	.byte 192,192,192,192,192,192,192,192
	.byte 0,0,0,0,0,0,0,0
	.byte 0,0,0,0,0,0,0,0
	.byte 0,0,0,0,15,15,15,15
	.byte 10,10,10,10,247,247,247,247
	.byte 125,125,125,125,234,234,234,234
	.byte 250,250,250,250,80,80,80,80
	.byte 0,0,0,0,0,0,0,0
	.byte 0,0,0,0,0,0,0,0
	.byte 0,0,0,0,0,0,0,0

	.byte 0,0,0,0,0,0,0,0
	.byte 0,0,0,0,0,0,0,0
	.byte 0,0,0,0,0,0,0,0
	.byte 0,15,15,15,15,15,250,250
	.byte 189,127,127,127,127,127,234,234
	.byte 101,176,176,176,176,176,192,192
	.byte 168,243,243,243,243,243,0,0
	.byte 0,192,192,192,192,192,0,0
	.byte 0,0,0,0,0,0,0,0
	.byte 0,0,0,0,0,0,0,0
	.byte 250,251,251,251,251,251,89,89
	.byte 85,190,190,190,190,190,235,235
	.byte 85,15,15,15,15,15,250,250
	.byte 166,255,255,255,255,255,0,0
	.byte 150,235,235,235,235,235,61,61
	.byte 240,15,15,15,15,15,240,240
	.byte 0,0,0,0,0,0,192,192
	.byte 0,0,0,0,0,0,0,0
	.byte 3,3,3,3,3,3,2,2
	.byte 255,250,250,250,250,250,245,245
	.byte 85,188,188,188,188,188,235,235
	.byte 90,63,63,63,63,63,224,224
	.byte 89,254,254,254,254,254,3,3
	.byte 107,188,188,188,188,188,215,215
	.byte 0,240,240,240,240,240,15,15
	.byte 0,0,0,0,0,0,0,0
	.byte 0,0,0,0,0,0,0,0
	.byte 62,62,62,62,62,62,22,22
	.byte 85,175,175,175,175,175,250,250
	.byte 91,243,243,243,243,243,174,174
	.byte 192,192,192,192,192,192,128,128
	.byte 0,0,0,0,0,0,0,0
	.byte 0,0,0,0,0,0,3,3
	.byte 5,47,47,47,47,47,186,186
	.byte 247,254,254,254,254,254,168,168
	.byte 106,195,195,195,195,195,0,0
	.byte 160,15,15,15,15,15,0,0
	.byte 0,0,0,0,0,0,0,0
	.byte 0,0,0,0,0,0,0,0
	.byte 0,0,0,0,0,0,0,0

	.byte 0,0,0,0,0,0,0,0
	.byte 0,0,0,0,0,0,0,0
	.byte 0,0,3,3,3,3,3,2
	.byte 250,250,175,175,175,175,175,175
	.byte 191,191,232,232,232,232,232,252
	.byte 192,192,0,0,0,0,0,0
	.byte 0,0,0,0,0,0,0,0
	.byte 0,0,0,0,0,0,0,0
	.byte 0,0,0,0,0,0,0,0
	.byte 0,0,0,0,0,0,0,0
	.byte 174,174,255,255,255,255,255,174
	.byte 215,215,191,191,191,191,191,235
	.byte 175,175,15,15,15,15,15,175
	.byte 0,0,0,0,0,0,0,0
	.byte 41,41,3,3,3,3,3,2
	.byte 240,240,175,175,175,175,175,165
	.byte 192,192,60,60,60,60,60,232
	.byte 0,0,0,0,0,0,0,0
	.byte 2,2,3,3,3,3,3,2
	.byte 250,250,255,255,255,255,255,250
	.byte 190,190,252,252,252,252,252,126
	.byte 176,176,48,48,48,48,48,176
	.byte 3,3,0,0,0,0,0,0
	.byte 105,105,62,62,62,62,62,22
	.byte 15,15,240,240,240,240,240,175
	.byte 0,0,240,240,240,240,240,160
	.byte 0,0,0,0,0,0,0,0
	.byte 43,43,63,63,63,63,63,43
	.byte 245,245,175,175,175,175,175,250
	.byte 251,251,242,242,242,242,242,251
	.byte 128,128,192,192,192,192,192,128
	.byte 0,0,0,0,0,0,0,0
	.byte 3,3,62,62,62,62,62,42
	.byte 223,223,122,122,122,122,122,122
	.byte 168,168,240,240,240,240,240,160
	.byte 0,0,0,0,0,0,0,0
	.byte 0,0,0,0,0,0,0,0
	.byte 0,0,0,0,0,0,0,0
	.byte 0,0,0,0,0,0,0,0
	.byte 0,0,0,0,0,0,0,0

	.byte 0,0,0,0,0,0,0,0
	.byte 0,0,0,0,0,0,0,0
	.byte 2,2,2,2,62,62,62,62
	.byte 95,95,95,95,250,250,250,250
	.byte 252,252,252,252,128,128,128,128
	.byte 0,0,0,0,0,0,0,0
	.byte 0,0,0,0,0,0,0,0
	.byte 0,0,0,0,0,0,0,0
	.byte 0,0,0,0,0,0,0,0
	.byte 0,0,0,0,0,0,0,0
	.byte 174,174,174,174,255,255,255,255
	.byte 235,235,235,235,190,190,190,190
	.byte 175,175,175,175,5,5,5,5
	.byte 0,0,0,0,0,0,0,0
	.byte 3,3,3,3,0,0,0,0
	.byte 175,175,175,175,250,250,250,250
	.byte 232,232,232,232,195,195,195,195
	.byte 0,0,0,0,192,192,192,192
	.byte 3,3,3,3,2,2,2,2
	.byte 250,250,250,250,255,255,255,255
	.byte 189,189,189,189,232,232,232,232
	.byte 176,176,176,176,16,16,16,16
	.byte 0,0,0,0,0,0,0,0
	.byte 61,61,61,61,2,2,2,2
	.byte 175,175,175,175,95,95,95,95
	.byte 240,240,240,240,8,8,8,8
	.byte 0,0,0,0,0,0,0,0
	.byte 43,43,43,43,63,63,63,63
	.byte 250,250,250,250,175,175,175,175
	.byte 247,247,247,247,162,162,162,162
	.byte 192,192,192,192,128,128,128,128
	.byte 0,0,0,0,0,0,0,0
	.byte 63,63,63,63,190,190,190,190
	.byte 122,122,122,122,239,239,239,239
	.byte 240,240,240,240,0,0,0,0
	.byte 0,0,0,0,0,0,0,0
	.byte 0,0,0,0,0,0,0,0
	.byte 0,0,0,0,0,0,0,0
	.byte 0,0,0,0,0,0,0,0
	.byte 0,0,0,0,0,0,0,0

	.byte 0,0,0,0,0,0,0,0
	.byte 0,0,0,0,0,3,3,3
	.byte 63,63,63,63,63,189,189,189
	.byte 175,175,175,175,175,95,95,95
	.byte 192,192,192,192,192,128,128,128
	.byte 0,0,0,0,0,0,0,0
	.byte 0,0,0,0,0,0,0,0
	.byte 0,0,0,0,0,0,0,0
	.byte 0,0,0,0,0,0,0,0
	.byte 0,0,0,0,0,0,0,0
	.byte 254,254,254,254,254,175,175,175
	.byte 190,190,190,190,190,255,255,255
	.byte 250,250,250,250,250,245,245,245
	.byte 0,0,0,0,0,0,0,0
	.byte 0,0,0,0,0,0,0,0
	.byte 250,250,250,250,250,250,250,250
	.byte 235,235,235,235,235,235,235,235
	.byte 192,192,192,192,192,224,224,224
	.byte 3,3,3,3,3,2,2,2
	.byte 250,250,250,250,250,255,255,255
	.byte 233,233,233,233,233,253,253,253
	.byte 224,224,224,224,224,208,208,208
	.byte 0,0,0,0,0,0,0,0
	.byte 3,3,3,3,3,3,3,3
	.byte 175,175,175,175,175,175,175,175
	.byte 248,248,248,248,248,251,251,251
	.byte 0,0,0,0,0,192,192,192
	.byte 63,63,63,63,63,43,43,43
	.byte 175,175,175,175,175,255,255,255
	.byte 247,247,247,247,247,166,166,166
	.byte 192,192,192,192,192,128,128,128
	.byte 0,0,0,0,0,15,15,15
	.byte 254,254,254,254,254,235,235,235
	.byte 223,223,223,223,223,154,154,154
	.byte 0,0,0,0,0,0,0,0
	.byte 0,0,0,0,0,0,0,0
	.byte 0,0,0,0,0,0,0,0
	.byte 0,0,0,0,0,0,0,0
	.byte 0,0,0,0,0,0,0,0
	.byte 0,0,0,0,0,0,0,0

	.byte 0,0,0,0,0,0,0,0
	.byte 3,3,3,3,3,3,2,2
	.byte 189,189,191,191,191,191,127,127
	.byte 90,90,250,250,250,250,95,95
	.byte 128,128,192,192,192,192,128,128
	.byte 0,0,0,0,0,0,0,0
	.byte 0,0,0,0,0,0,0,0
	.byte 0,0,0,0,0,0,0,0
	.byte 0,0,0,0,0,0,0,0
	.byte 0,0,0,0,0,0,0,0
	.byte 95,95,175,175,175,175,173,173
	.byte 255,255,254,254,254,254,191,191
	.byte 165,165,175,175,175,175,245,245
	.byte 0,0,0,0,0,0,0,0
	.byte 0,0,0,0,0,0,0,0
	.byte 175,175,175,175,175,175,255,255
	.byte 235,235,254,254,254,254,254,254
	.byte 224,224,176,176,176,176,176,176
	.byte 2,2,3,3,3,3,3,3
	.byte 255,255,255,255,255,255,250,250
	.byte 253,253,233,233,233,233,254,254
	.byte 144,144,176,176,176,176,208,208
	.byte 0,0,0,0,0,0,0,0
	.byte 3,3,3,3,3,3,2,2
	.byte 175,175,175,175,175,175,175,175
	.byte 174,174,251,251,251,251,251,251
	.byte 128,128,192,192,192,192,192,192
	.byte 22,22,62,62,62,62,62,62
	.byte 255,255,255,255,255,255,175,175
	.byte 166,166,247,247,247,247,174,174
	.byte 128,128,192,192,192,192,128,128
	.byte 15,15,15,15,15,15,10,10
	.byte 235,235,254,254,254,254,255,255
	.byte 154,154,223,223,223,223,186,186
	.byte 0,0,0,0,0,0,0,0
	.byte 0,0,0,0,0,0,0,0
	.byte 0,0,0,0,0,0,0,0
	.byte 0,0,0,0,0,0,0,0
	.byte 0,0,0,0,0,0,0,0
	.byte 0,0,0,0,0,0,0,0

	.byte 0,0,0,0,0,0,0,0
	.byte 2,2,2,3,3,3,3,3
	.byte 127,127,127,233,233,233,233,233
	.byte 245,245,245,250,250,250,250,250
	.byte 128,128,128,192,192,192,192,192
	.byte 0,0,0,0,0,0,0,0
	.byte 0,0,0,0,0,0,0,0
	.byte 0,0,0,0,0,0,0,0
	.byte 0,0,0,0,0,0,0,0
	.byte 0,0,0,0,0,0,0,0
	.byte 249,249,249,251,251,251,251,251
	.byte 191,191,191,107,107,107,107,107
	.byte 245,245,245,175,175,175,175,175
	.byte 0,0,0,0,0,0,0,0
	.byte 0,0,0,0,0,0,0,0
	.byte 255,255,255,175,175,175,175,175
	.byte 253,253,253,233,233,233,233,233
	.byte 224,224,224,239,239,239,239,239
	.byte 3,3,3,3,3,3,3,3
	.byte 245,245,245,250,250,250,250,250
	.byte 254,254,254,189,189,189,189,189
	.byte 208,208,208,176,176,176,176,176
	.byte 0,0,0,0,0,0,0,0
	.byte 2,2,2,3,3,3,3,3
	.byte 175,175,175,175,175,175,175,175
	.byte 247,247,247,167,167,167,167,167
	.byte 128,128,128,188,188,188,188,188
	.byte 62,62,62,62,62,62,62,62
	.byte 245,245,245,175,175,175,175,175
	.byte 251,251,251,246,246,246,246,246
	.byte 128,128,128,192,192,192,192,192
	.byte 10,10,10,15,15,15,15,15
	.byte 255,255,255,107,107,107,107,107
	.byte 239,239,239,218,218,218,218,218
	.byte 0,0,0,0,0,0,0,0
	.byte 0,0,0,0,0,0,0,0
	.byte 0,0,0,0,0,0,0,0
	.byte 0,0,0,0,0,0,0,0
	.byte 0,0,0,0,0,0,0,0
	.byte 0,0,0,0,0,0,0,0

	.byte 0,0,0,0,0,0,0,0
	.byte 9,9,9,9,3,3,3,3
	.byte 67,67,67,67,131,131,131,131
	.byte 95,95,95,95,250,250,250,250
	.byte 192,192,192,192,192,192,192,192
	.byte 0,0,0,0,0,0,0,0
	.byte 0,0,0,0,0,0,0,0
	.byte 0,0,0,0,0,0,0,0
	.byte 0,0,0,0,0,0,0,0
	.byte 0,0,0,0,0,0,0,0
	.byte 244,244,244,244,8,8,8,8
	.byte 61,61,61,61,62,62,62,62
	.byte 95,95,95,95,175,175,175,175
	.byte 0,0,0,0,0,0,0,0
	.byte 0,0,0,0,0,0,0,0
	.byte 255,255,255,255,175,175,175,175
	.byte 255,255,255,255,235,235,235,235
	.byte 239,239,239,239,239,239,239,239
	.byte 3,3,3,3,0,0,0,0
	.byte 160,160,160,160,240,240,240,240
	.byte 151,151,151,151,190,190,190,190
	.byte 112,112,112,112,176,176,176,176
	.byte 0,0,0,0,0,0,0,0
	.byte 2,2,2,2,3,3,3,3
	.byte 175,175,175,175,175,175,175,175
	.byte 254,254,254,254,94,94,94,94
	.byte 188,188,188,188,188,188,188,188
	.byte 61,61,61,61,2,2,2,2
	.byte 15,15,15,15,15,15,15,15
	.byte 251,251,251,251,167,167,167,167
	.byte 192,192,192,192,192,192,192,192
	.byte 165,165,165,165,15,15,15,15
	.byte 61,61,61,61,62,62,62,62
	.byte 239,239,239,239,159,159,159,159
	.byte 0,0,0,0,0,0,0,0
	.byte 0,0,0,0,0,0,0,0
	.byte 0,0,0,0,0,0,0,0
	.byte 0,0,0,0,0,0,0,0
	.byte 0,0,0,0,0,0,0,0
	.byte 0,0,0,0,0,0,0,0

	.byte 0,0,0,0,0,0,0,0
	.byte 1,14,14,14,14,14,13,13
	.byte 67,188,188,188,188,188,67,67
	.byte 175,240,240,240,240,240,0,0
	.byte 192,192,192,192,192,192,128,128
	.byte 0,0,0,0,0,0,0,0
	.byte 0,0,0,0,0,0,0,0
	.byte 0,0,0,0,0,0,0,0
	.byte 0,0,0,0,0,0,0,0
	.byte 0,0,0,0,0,0,0,0
	.byte 4,251,251,251,251,251,244,244
	.byte 62,195,195,195,195,195,60,60
	.byte 95,15,15,15,15,15,10,10
	.byte 0,0,0,0,0,0,0,0
	.byte 0,0,0,0,0,0,0,0
	.byte 175,255,255,255,255,255,175,175
	.byte 235,190,190,190,190,190,235,235
	.byte 154,239,239,239,239,239,154,154
	.byte 0,3,3,3,3,3,3,3
	.byte 80,175,175,175,175,175,80,80
	.byte 235,60,60,60,60,60,192,192
	.byte 112,48,48,48,48,48,32,32
	.byte 0,0,0,0,0,0,0,0
	.byte 2,3,3,3,3,3,2,2
	.byte 250,255,255,255,255,255,250,250
	.byte 173,251,251,251,251,251,173,173
	.byte 124,232,232,232,232,232,124,124
	.byte 1,62,62,62,62,62,61,61
	.byte 15,240,240,240,240,240,15,15
	.byte 94,242,242,242,242,242,1,1
	.byte 192,192,192,192,192,192,128,128
	.byte 5,250,250,250,250,250,245,245
	.byte 62,195,195,195,195,195,60,60
	.byte 111,143,143,143,143,143,5,5
	.byte 0,0,0,0,0,0,0,0
	.byte 0,0,0,0,0,0,0,0
	.byte 0,0,0,0,0,0,0,0
	.byte 0,0,0,0,0,0,0,0
	.byte 0,0,0,0,0,0,0,0
	.byte 0,0,0,0,0,0,0,0

	.byte 0,0,0,0,0,0,0,0
	.byte 13,13,14,14,14,14,14,13
	.byte 67,67,188,188,188,188,188,127
	.byte 0,0,240,240,240,240,240,0
	.byte 128,128,192,192,192,192,192,0
	.byte 0,0,0,0,0,0,0,0
	.byte 0,0,0,0,0,0,0,0
	.byte 0,0,0,0,0,0,0,0
	.byte 0,0,0,0,0,0,0,0
	.byte 0,0,0,0,0,0,0,0
	.byte 244,244,251,251,251,251,251,247
	.byte 60,60,195,195,195,195,195,252
	.byte 10,10,15,15,15,15,15,0
	.byte 0,0,0,0,0,0,0,0
	.byte 0,0,0,0,0,0,0,0
	.byte 175,175,255,255,255,255,255,255
	.byte 190,190,235,235,235,235,235,255
	.byte 154,154,239,239,239,239,239,234
	.byte 3,3,3,3,3,3,3,3
	.byte 80,80,175,175,175,175,175,95
	.byte 192,192,60,60,60,60,60,192
	.byte 32,32,48,48,48,48,48,0
	.byte 0,0,0,0,0,0,0,0
	.byte 2,2,3,3,3,3,3,3
	.byte 250,250,255,255,255,255,255,255
	.byte 173,173,251,251,251,251,251,171
	.byte 124,124,232,232,232,232,232,252
	.byte 61,61,62,62,62,62,62,61
	.byte 15,15,240,240,240,240,240,255
	.byte 2,2,243,243,243,243,243,0
	.byte 128,128,192,192,192,192,192,0
	.byte 245,245,250,250,250,250,250,245
	.byte 60,60,195,195,195,195,195,252
	.byte 10,10,207,207,207,207,207,0
	.byte 0,0,0,0,0,0,0,0
	.byte 0,0,0,0,0,0,0,0
	.byte 0,0,0,0,0,0,0,0
	.byte 0,0,0,0,0,0,0,0
	.byte 0,0,0,0,0,0,0,0
	.byte 0,0,0,0,0,0,0,0

	.byte 0,0,0,0,0,0,0,0
	.byte 7,7,7,14,14,14,14,14
	.byte 127,127,127,191,191,191,191,191
	.byte 0,0,0,240,240,240,240,240
	.byte 0,0,0,192,192,192,192,192
	.byte 0,0,0,0,0,0,0,0
	.byte 0,0,0,0,0,0,0,0
	.byte 0,0,0,0,0,0,0,0
	.byte 0,0,0,0,0,0,0,0
	.byte 0,0,0,0,0,0,0,0
	.byte 251,251,251,167,167,167,167,167
	.byte 252,252,252,255,255,255,255,255
	.byte 0,0,0,15,15,15,15,15
	.byte 0,0,0,0,0,0,0,0
	.byte 0,0,0,0,0,0,0,0
	.byte 255,255,255,175,175,175,175,175
	.byte 255,255,255,255,255,255,255,255
	.byte 234,234,234,223,223,223,223,223
	.byte 2,2,2,3,3,3,3,3
	.byte 95,95,95,175,175,175,175,175
	.byte 192,192,192,252,252,252,252,252
	.byte 0,0,0,48,48,48,48,48
	.byte 0,0,0,0,0,0,0,0
	.byte 2,2,2,3,3,3,3,3
	.byte 255,255,255,255,255,255,255,255
	.byte 253,253,253,254,254,254,254,254
	.byte 168,168,168,124,124,124,124,124
	.byte 43,43,43,61,61,61,61,61
	.byte 255,255,255,255,255,255,255,255
	.byte 0,0,0,243,243,243,243,243
	.byte 0,0,0,192,192,192,192,192
	.byte 95,95,95,250,250,250,250,250
	.byte 252,252,252,255,255,255,255,255
	.byte 0,0,0,207,207,207,207,207
	.byte 0,0,0,0,0,0,0,0
	.byte 0,0,0,0,0,0,0,0
	.byte 0,0,0,0,0,0,0,0
	.byte 0,0,0,0,0,0,0,0
	.byte 0,0,0,0,0,0,0,0
	.byte 0,0,0,0,0,0,0,0

	.byte 0,0,0,0,0,0,0,0
	.byte 11,11,11,11,11,13,13,13
	.byte 235,235,235,235,235,126,126,126
	.byte 240,240,240,240,240,175,175,175
	.byte 128,128,128,128,128,127,127,127
	.byte 0,0,0,0,0,175,175,175
	.byte 0,0,0,0,0,0,0,0
	.byte 0,0,0,0,0,0,0,0
	.byte 0,0,0,0,0,0,0,0
	.byte 0,0,0,0,0,0,0,0
	.byte 251,251,251,251,251,166,166,166
	.byte 190,190,190,190,190,235,235,235
	.byte 15,15,15,15,15,250,250,250
	.byte 0,0,0,0,0,0,0,0
	.byte 0,0,0,0,0,0,0,0
	.byte 15,15,15,15,15,165,165,165
	.byte 62,62,62,62,62,195,195,195
	.byte 79,79,79,79,79,138,138,138
	.byte 3,3,3,3,3,2,2,2
	.byte 250,250,250,250,250,95,95,95
	.byte 188,188,188,188,188,235,235,235
	.byte 48,48,48,48,48,224,224,224
	.byte 0,0,0,0,0,0,0,0
	.byte 0,0,0,0,0,3,3,3
	.byte 240,240,240,240,240,90,90,90
	.byte 248,248,248,248,248,12,12,12
	.byte 60,60,60,60,60,40,40,40
	.byte 43,43,43,43,43,61,61,61
	.byte 175,175,175,175,175,250,250,250
	.byte 243,243,243,243,243,162,162,162
	.byte 192,192,192,192,192,128,128,128
	.byte 175,175,175,175,175,245,245,245
	.byte 190,190,190,190,190,235,235,235
	.byte 207,207,207,207,207,186,186,186
	.byte 0,0,0,0,0,255,255,255
	.byte 0,0,0,0,0,188,188,188
	.byte 0,0,0,0,0,0,0,0
	.byte 0,0,0,0,0,0,0,0
	.byte 0,0,0,0,0,0,0,0
	.byte 0,0,0,0,0,0,0,0

	.byte 0,0,0,0,0,0,0,0
	.byte 7,11,11,11,11,11,7,7
	.byte 107,126,126,126,126,126,107,107
	.byte 175,240,240,240,240,240,175,175
	.byte 213,189,189,189,189,189,40,40
	.byte 90,111,111,111,111,111,58,58
	.byte 0,0,0,0,0,0,0,0
	.byte 0,0,0,0,0,0,0,0
	.byte 0,0,0,0,0,0,0,0
	.byte 0,0,0,0,0,0,0,0
	.byte 166,247,247,247,247,247,166,166
	.byte 235,190,190,190,190,190,235,235
	.byte 250,15,15,15,15,15,250,250
	.byte 0,0,0,0,0,0,0,0
	.byte 0,0,0,0,0,0,0,0
	.byte 165,15,15,15,15,15,165,165
	.byte 195,60,60,60,60,60,195,195
	.byte 207,0,0,0,0,0,207,207
	.byte 2,3,3,3,3,3,2,2
	.byte 245,250,250,250,250,250,245,245
	.byte 235,188,188,188,188,188,235,235
	.byte 224,48,48,48,48,48,224,224
	.byte 0,0,0,0,0,0,0,0
	.byte 3,0,0,0,0,0,3,3
	.byte 90,240,240,240,240,240,90,90
	.byte 12,240,240,240,240,240,12,12
	.byte 60,0,0,0,0,0,60,60
	.byte 22,62,62,62,62,62,22,22
	.byte 250,175,175,175,175,175,250,250
	.byte 162,243,243,243,243,243,174,174
	.byte 128,192,192,192,192,192,128,128
	.byte 95,175,175,175,175,175,95,95
	.byte 235,190,190,190,190,190,235,235
	.byte 186,207,207,207,207,207,176,176
	.byte 170,251,251,251,251,251,81,81
	.byte 104,188,188,188,188,188,232,232
	.byte 0,0,0,0,0,0,0,0
	.byte 0,0,0,0,0,0,0,0
	.byte 0,0,0,0,0,0,0,0
	.byte 0,0,0,0,0,0,0,0

	.byte 0,0,0,0,0,0,0,0
	.byte 14,14,14,14,14,14,14,14
	.byte 189,189,189,191,191,191,191,171
	.byte 250,250,250,250,250,250,250,95
	.byte 20,20,20,190,190,190,190,192
	.byte 26,26,26,191,191,191,191,0
	.byte 0,0,0,0,0,0,0,0
	.byte 0,0,0,0,0,0,0,0
	.byte 0,0,0,0,0,0,0,0
	.byte 0,0,0,0,0,0,0,0
	.byte 251,251,251,251,251,251,251,250
	.byte 235,235,235,255,255,255,255,125
	.byte 175,175,175,175,175,175,175,245
	.byte 0,0,0,0,0,0,0,0
	.byte 0,0,0,0,0,0,0,0
	.byte 245,245,245,250,250,250,250,165
	.byte 195,195,195,255,255,255,255,190
	.byte 207,207,207,207,207,207,207,138
	.byte 3,3,3,3,3,3,3,3
	.byte 250,250,250,250,250,250,250,255
	.byte 190,190,190,254,254,254,254,215
	.byte 176,176,176,176,176,176,176,208
	.byte 0,0,0,0,0,0,0,0
	.byte 3,3,3,3,3,3,3,2
	.byte 95,95,95,175,175,175,175,90
	.byte 12,12,12,252,252,252,252,248
	.byte 60,60,60,60,60,60,60,40
	.byte 62,62,62,62,62,62,62,62
	.byte 250,250,250,255,255,255,255,95
	.byte 247,247,247,242,242,242,242,167
	.byte 192,192,192,128,128,128,128,192
	.byte 250,250,250,250,250,250,250,250
	.byte 235,235,235,255,255,255,255,125
	.byte 224,224,224,239,239,239,239,117
	.byte 162,162,162,247,247,247,247,0
	.byte 104,104,104,252,252,252,252,0
	.byte 0,0,0,0,0,0,0,0
	.byte 0,0,0,0,0,0,0,0
	.byte 0,0,0,0,0,0,0,0
	.byte 0,0,0,0,0,0,0,0

	.byte 0,0,0,0,0,0,0,0
	.byte 14,14,14,14,14,14,14,14
	.byte 254,254,254,254,235,235,235,235
	.byte 95,95,95,95,250,250,250,250
	.byte 128,128,128,128,192,192,192,192
	.byte 0,0,0,0,0,0,0,0
	.byte 0,0,0,0,0,0,0,0
	.byte 0,0,0,0,0,0,0,0
	.byte 0,0,0,0,0,0,0,0
	.byte 0,0,0,0,0,0,0,0
	.byte 250,250,250,250,251,251,251,251
	.byte 190,190,190,190,235,235,235,235
	.byte 245,245,245,245,175,175,175,175
	.byte 0,0,0,0,0,0,0,0
	.byte 0,0,0,0,0,0,0,0
	.byte 95,95,95,95,175,175,175,175
	.byte 235,235,235,235,190,190,190,190
	.byte 207,207,207,207,138,138,138,138
	.byte 3,3,3,3,3,3,3,3
	.byte 255,255,255,255,250,250,250,250
	.byte 235,235,235,235,189,189,189,189
	.byte 208,208,208,208,176,176,176,176
	.byte 0,0,0,0,0,0,0,0
	.byte 3,3,3,3,2,2,2,2
	.byte 245,245,245,245,250,250,250,250
	.byte 172,172,172,172,248,248,248,248
	.byte 60,60,60,60,40,40,40,40
	.byte 62,62,62,62,62,62,62,62
	.byte 175,175,175,175,250,250,250,250
	.byte 167,167,167,167,246,246,246,246
	.byte 192,192,192,192,128,128,128,128
	.byte 250,250,250,250,250,250,250,250
	.byte 190,190,190,190,235,235,235,235
	.byte 186,186,186,186,223,223,223,223
	.byte 0,0,0,0,0,0,0,0
	.byte 0,0,0,0,0,0,0,0
	.byte 0,0,0,0,0,0,0,0
	.byte 0,0,0,0,0,0,0,0
	.byte 0,0,0,0,0,0,0,0
	.byte 0,0,0,0,0,0,0,0

	.byte 0,0,0,0,0,0,0,0
	.byte 11,15,15,15,15,11,11,11
	.byte 235,254,254,254,254,235,235,235
	.byte 245,175,175,175,175,250,250,250
	.byte 128,235,235,235,235,255,255,255
	.byte 0,234,234,234,234,255,255,255
	.byte 0,247,247,247,247,170,170,170
	.byte 0,125,125,125,125,171,171,171
	.byte 0,255,255,255,255,160,160,160
	.byte 0,240,240,240,240,240,240,240
	.byte 174,255,255,255,255,174,174,174
	.byte 235,190,190,190,190,235,235,235
	.byte 90,175,175,175,175,255,255,255
	.byte 0,174,174,174,174,255,255,255
	.byte 0,253,253,253,253,170,170,170
	.byte 95,175,175,175,175,255,255,255
	.byte 190,235,235,235,235,190,190,190
	.byte 207,186,186,186,186,207,207,207
	.byte 3,2,2,2,2,3,3,3
	.byte 250,255,255,255,255,250,250,250
	.byte 189,235,235,235,235,190,190,190
	.byte 96,186,186,186,186,255,255,255
	.byte 0,250,250,250,250,255,255,255
	.byte 2,105,105,105,105,255,255,255
	.byte 250,245,245,245,245,250,250,250
	.byte 172,251,251,251,251,172,172,172
	.byte 60,232,232,232,232,60,60,60
	.byte 43,63,63,63,63,43,43,43
	.byte 175,250,250,250,250,255,255,255
	.byte 246,167,167,167,167,246,246,246
	.byte 128,192,192,192,192,128,128,128
	.byte 175,255,255,255,255,175,175,175
	.byte 235,190,190,190,190,235,235,235
	.byte 154,239,239,239,239,191,191,191
	.byte 0,174,174,174,174,255,255,255
	.byte 0,253,253,253,253,170,170,170
	.byte 0,90,90,90,90,255,255,255
	.byte 0,245,245,245,245,174,174,174
	.byte 0,255,255,255,255,131,131,131
	.byte 0,0,0,0,0,0,0,0

	.byte 0,0,0,0,0,0,0,0
	.byte 11,11,15,15,15,15,15,11
	.byte 235,235,255,255,255,255,255,234
	.byte 250,250,175,175,175,175,175,245
	.byte 255,255,235,235,235,235,235,150
	.byte 255,255,239,239,239,239,239,154
	.byte 170,170,251,251,251,251,251,85
	.byte 87,87,254,254,254,254,254,170
	.byte 80,80,175,175,175,175,175,255
	.byte 160,160,240,240,240,240,240,240
	.byte 174,174,255,255,255,255,255,174
	.byte 190,190,255,255,255,255,255,170
	.byte 255,255,175,175,175,175,175,90
	.byte 170,170,251,251,251,251,251,93
	.byte 255,255,190,190,190,190,190,105
	.byte 255,255,250,250,250,250,250,85
	.byte 190,190,255,255,255,255,255,170
	.byte 138,138,239,239,239,239,239,175
	.byte 2,2,3,3,3,3,3,2
	.byte 250,250,255,255,255,255,255,250
	.byte 235,235,254,254,254,254,254,169
	.byte 170,170,239,239,239,239,239,117
	.byte 255,255,251,251,251,251,251,166
	.byte 255,255,235,235,235,235,235,149
	.byte 90,90,255,255,255,255,255,170
	.byte 248,248,254,254,254,254,254,170
	.byte 40,40,188,188,188,188,188,188
	.byte 43,43,63,63,63,63,63,43
	.byte 255,255,255,255,255,255,255,170
	.byte 167,167,251,251,251,251,251,167
	.byte 192,192,192,192,192,192,192,192
	.byte 175,175,255,255,255,255,255,175
	.byte 190,190,255,255,255,255,255,170
	.byte 191,191,239,239,239,239,239,154
	.byte 170,170,251,251,251,251,251,93
	.byte 255,255,190,190,190,190,190,105
	.byte 255,255,250,250,250,250,250,85
	.byte 93,93,251,251,251,251,251,170
	.byte 67,67,190,190,190,190,190,254
	.byte 0,0,0,0,0,0,0,0

	.byte 0,0,0,0,0,0,0,0
	.byte 11,11,11,15,15,15,15,15
	.byte 234,234,234,255,255,255,255,255
	.byte 90,90,90,255,255,255,255,255
	.byte 105,105,105,255,255,255,255,255
	.byte 154,154,154,255,255,255,255,255
	.byte 170,170,170,253,253,253,253,253
	.byte 255,255,255,150,150,150,150,150
	.byte 255,255,255,90,90,90,90,90
	.byte 160,160,160,240,240,240,240,240
	.byte 174,174,174,255,255,255,255,255
	.byte 170,170,170,255,255,255,255,255
	.byte 165,165,165,255,255,255,255,255
	.byte 166,166,166,255,255,255,255,255
	.byte 150,150,150,255,255,255,255,255
	.byte 255,255,255,90,90,90,90,90
	.byte 255,255,255,105,105,105,105,105
	.byte 90,90,90,239,239,239,239,239
	.byte 2,2,2,3,3,3,3,3
	.byte 250,250,250,255,255,255,255,255
	.byte 169,169,169,255,255,255,255,255
	.byte 154,154,154,255,255,255,255,255
	.byte 166,166,166,255,255,255,255,255
	.byte 106,106,106,255,255,255,255,255
	.byte 255,255,255,165,165,165,165,165
	.byte 170,170,170,247,247,247,247,247
	.byte 124,124,124,232,232,232,232,232
	.byte 43,43,43,63,63,63,63,63
	.byte 170,170,170,255,255,255,255,255
	.byte 167,167,167,255,255,255,255,255
	.byte 192,192,192,192,192,192,192,192
	.byte 175,175,175,255,255,255,255,255
	.byte 170,170,170,255,255,255,255,255
	.byte 154,154,154,255,255,255,255,255
	.byte 166,166,166,255,255,255,255,255
	.byte 150,150,150,255,255,255,255,255
	.byte 255,255,255,90,90,90,90,90
	.byte 170,170,170,247,247,247,247,247
	.byte 87,87,87,190,190,190,190,190
	.byte 0,0,0,0,0,0,0,0

	.byte 0,0,0,0,0,0,0,0
	.byte 0,0,0,0,0,0,0,0
	.byte 0,0,0,0,0,0,0,0
	.byte 0,0,0,0,0,0,0,0
	.byte 0,0,0,0,0,0,0,0
	.byte 0,0,0,0,0,0,0,0
	.byte 0,0,0,0,0,0,0,0
	.byte 0,0,0,0,0,0,0,0
	.byte 0,0,0,0,0,0,0,0
	.byte 0,0,0,0,0,0,0,0
	.byte 0,0,0,0,0,0,0,0
	.byte 0,0,0,0,0,0,0,0
	.byte 0,0,0,0,0,0,0,0
	.byte 0,0,0,0,0,0,0,0
	.byte 0,0,0,0,0,0,0,0
	.byte 0,0,0,0,0,0,0,0
	.byte 0,0,0,0,0,0,0,0
	.byte 0,0,0,0,0,0,0,0
	.byte 0,0,0,0,0,0,0,0
	.byte 0,0,0,0,0,0,0,0
	.byte 0,0,0,0,0,0,0,0
	.byte 0,0,0,0,0,0,0,0
	.byte 0,0,0,0,0,0,0,0
	.byte 0,0,0,0,0,0,0,0
	.byte 0,0,0,0,0,0,0,0
	.byte 0,0,0,0,0,0,0,0
	.byte 0,0,0,0,0,0,0,0
	.byte 0,0,0,0,0,0,0,0
	.byte 0,0,0,0,0,0,0,0
	.byte 0,0,0,0,0,0,0,0
	.byte 0,0,0,0,0,0,0,0
	.byte 0,0,0,0,0,0,0,0
	.byte 0,0,0,0,0,0,0,0
	.byte 0,0,0,0,0,0,0,0
	.byte 0,0,0,0,0,0,0,0
	.byte 0,0,0,0,0,0,0,0
	.byte 0,0,0,0,0,0,0,0
	.byte 0,0,0,0,0,0,0,0
	.byte 0,0,0,0,0,0,0,0
	.byte 0,0,0,0,0,0,0,0

	.byte 0,0,0,0,0,0,0,0
	.byte 0,0,0,0,0,0,0,0
	.byte 0,0,0,0,0,0,0,0
	.byte 0,0,0,0,0,0,0,0
	.byte 0,0,0,0,0,0,0,0
	.byte 0,0,0,0,0,0,0,0
	.byte 0,0,0,0,0,0,0,0
	.byte 0,0,0,0,0,0,0,0
	.byte 0,0,0,0,0,0,0,0
	.byte 0,0,0,0,0,0,0,0
	.byte 0,0,0,0,0,0,0,0
	.byte 0,0,0,0,0,0,0,0
	.byte 0,0,0,0,0,0,0,0
	.byte 0,0,0,0,0,0,0,0
	.byte 0,0,0,0,0,0,0,0
	.byte 0,0,0,0,0,0,0,0
	.byte 0,0,0,0,0,0,0,0
	.byte 0,0,0,0,0,0,0,0
	.byte 0,0,0,0,0,0,0,0
	.byte 0,0,0,0,0,0,0,0
	.byte 0,0,0,0,0,0,0,0
	.byte 0,0,0,0,0,0,0,0
	.byte 0,0,0,0,0,0,0,0
	.byte 0,0,0,0,0,0,0,0
	.byte 0,0,0,0,0,0,0,0
	.byte 0,0,0,0,0,0,0,0
	.byte 0,0,0,0,0,0,0,0
	.byte 0,0,0,0,0,0,0,0
	.byte 0,0,0,0,0,0,0,0
	.byte 0,0,0,0,0,0,0,0
	.byte 0,0,0,0,0,0,0,0
	.byte 0,0,0,0,0,0,0,0
	.byte 0,0,0,0,0,0,0,0
	.byte 0,0,0,0,0,0,0,0
	.byte 0,0,0,0,0,0,0,0
	.byte 0,0,0,0,0,0,0,0
	.byte 0,0,0,0,0,0,0,0
	.byte 0,0,0,0,0,0,0,0
	.byte 0,0,0,0,0,0,0,0
	.byte 0,0,0,0,0,0,0,0

	.byte 0,0,0,0,0,0,0,0
	.byte 0,0,0,0,0,0,0,0
	.byte 0,0,0,0,0,0,0,0
	.byte 0,0,0,0,0,0,0,0
	.byte 0,0,0,0,0,0,0,0
	.byte 0,0,0,0,0,0,0,0
	.byte 0,0,0,0,0,0,0,0
	.byte 0,0,0,0,0,0,0,0
	.byte 0,0,0,0,0,0,0,0
	.byte 0,0,0,0,0,0,0,0
	.byte 0,0,0,0,0,0,0,0
	.byte 0,0,0,0,0,0,0,0
	.byte 0,0,0,0,0,0,0,0
	.byte 0,0,0,0,0,0,0,0
	.byte 0,0,0,0,0,0,0,0
	.byte 0,0,0,0,0,0,0,0
	.byte 0,0,0,0,0,0,0,0
	.byte 0,0,0,0,0,0,0,0
	.byte 0,0,0,0,0,0,0,0
	.byte 0,0,0,0,0,0,0,0
	.byte 0,0,0,0,0,0,0,0
	.byte 0,0,0,0,0,0,0,0
	.byte 0,0,0,0,0,0,0,0
	.byte 0,0,0,0,0,0,0,0
	.byte 0,0,0,0,0,0,0,0
	.byte 0,0,0,0,0,0,0,0
	.byte 0,0,0,0,0,0,0,0
	.byte 0,0,0,0,0,0,0,0
	.byte 0,0,0,0,0,0,0,0
	.byte 0,0,0,0,0,0,0,0
	.byte 0,0,0,0,0,0,0,0
	.byte 0,0,0,0,0,0,0,0
	.byte 0,0,0,0,0,0,0,0
	.byte 0,0,0,0,0,0,0,0
	.byte 0,0,0,0,0,0,0,0
	.byte 0,0,0,0,0,0,0,0
	.byte 0,0,0,0,0,0,0,0
	.byte 0,0,0,0,0,0,0,0
	.byte 0,0,0,0,0,0,0,0
	.byte 0,0,0,0,0,0,0,0

	.byte 0,0,0,0,0,0,0,0
	.byte 0,0,0,0,0,0,0,0
	.byte 0,0,0,0,0,0,0,0
	.byte 0,0,0,0,0,0,0,0
	.byte 0,0,0,0,0,0,0,0
	.byte 0,0,0,0,0,0,0,0
	.byte 0,0,0,0,0,0,0,0
	.byte 0,0,0,0,0,0,0,0
	.byte 0,0,0,0,0,0,0,0
	.byte 0,0,0,0,0,0,0,0
	.byte 0,0,0,0,0,0,0,0
	.byte 0,0,0,0,0,0,0,0
	.byte 0,0,0,0,0,0,0,0
	.byte 0,0,0,0,0,0,0,0
	.byte 0,0,0,0,0,0,0,0
	.byte 0,0,0,0,0,0,0,0
	.byte 0,0,0,0,0,0,0,0
	.byte 0,0,0,0,0,0,0,0
	.byte 0,0,0,0,0,0,0,0
	.byte 0,0,0,0,0,0,0,0
	.byte 0,0,0,0,0,0,0,0
	.byte 0,0,0,0,0,0,0,0
	.byte 0,0,0,0,0,0,0,0
	.byte 0,0,0,0,0,0,0,0
	.byte 0,0,0,0,0,0,0,0
	.byte 0,0,0,0,0,0,0,0
	.byte 0,0,0,0,0,0,0,0
	.byte 0,0,0,0,0,0,0,0
	.byte 0,0,0,0,0,0,0,0
	.byte 0,0,0,0,0,0,0,0
	.byte 0,0,0,0,0,0,0,0
	.byte 0,0,0,0,0,0,0,0
	.byte 0,0,0,0,0,0,0,0
	.byte 0,0,0,0,0,0,0,0
	.byte 0,0,0,0,0,0,0,0
	.byte 0,0,0,0,0,0,0,0
	.byte 0,0,0,0,0,0,0,0
	.byte 0,0,0,0,0,0,0,0
	.byte 0,0,0,0,0,0,0,0
	.byte 0,0,0,0,0,0,0,0


; The following two first values are border and background
colora:
  .byte 6,0
	.byte 0,0,0,0,230,110,78,6,0,0,78,70,14,228,228,6,0,0,6,70,70,228,78,230,0,0,0,14,70,230,6,0,0,6,230,110,230,0,0,0
	.byte 0,0,5,30,230,228,14,6,1,13,78,230,228,228,228,6,6,21,4,70,228,228,228,228,6,13,1,78,230,228,4,0,4,100,230,78,14,1,1,0
	.byte 0,0,14,14,4,6,1,1,13,13,4,110,6,1,230,78,4,13,4,4,230,6,214,110,4,4,1,4,110,6,4,0,222,230,6,1,1,1,13,0
	.byte 0,5,222,230,4,1,1,1,13,13,4,14,230,5,6,222,4,6,14,4,110,230,13,228,228,6,1,4,14,110,14,5,212,230,6,1,1,1,13,0
	.byte 0,22,70,228,14,0,0,0,0,1,4,4,228,5,1,94,6,6,4,4,100,228,1,84,14,4,6,4,4,110,14,22,84,110,5,0,0,0,0,0
	.byte 0,4,70,230,14,0,0,0,0,1,70,4,230,13,13,4,6,6,4,4,100,230,1,14,14,6,6,78,4,110,14,4,4,110,0,0,0,0,0,0
	.byte 0,4,70,70,14,13,13,0,0,1,78,100,230,13,13,4,110,4,6,70,100,230,13,14,14,110,4,14,230,100,14,4,100,100,1,1,0,0,0,0
	.byte 0,230,228,230,14,13,13,0,0,13,228,228,70,1,13,4,14,6,6,14,230,70,13,14,14,230,6,228,6,100,14,230,228,100,13,13,0,0,0,0
	.byte 0,78,78,4,4,13,5,0,0,13,78,4,100,13,13,4,14,100,6,78,4,100,1,4,4,110,110,78,6,78,4,78,4,70,13,13,0,0,0,0
	.byte 0,78,78,6,4,0,0,0,0,13,78,6,4,13,1,4,4,100,6,78,6,4,13,4,4,110,110,78,6,4,4,78,6,4,0,0,0,0,0,0
	.byte 0,110,78,6,6,0,0,0,0,13,228,6,6,13,13,6,14,100,6,78,6,6,1,14,14,70,100,230,6,6,6,110,6,6,0,0,0,0,0,0
	.byte 0,230,230,4,70,14,0,0,0,5,228,6,4,5,5,230,4,70,4,230,4,4,5,6,230,4,6,230,6,4,4,230,22,4,14,14,0,0,0,0
	.byte 0,70,228,4,230,228,13,13,5,13,228,6,4,13,13,230,6,6,4,70,4,4,13,6,230,6,6,78,6,4,4,70,6,4,110,228,1,1,5,0
	.byte 0,14,110,230,100,100,93,1,13,13,14,230,230,13,13,228,4,4,4,4,230,230,13,4,228,4,4,14,230,110,14,14,230,230,70,100,213,1,13,0
	.byte 0,14,4,230,14,13,13,5,13,5,14,14,230,13,5,70,6,6,4,4,110,230,5,6,70,6,6,14,14,110,14,14,14,110,5,13,13,5,13,0
	.byte 0,4,4,110,4,4,78,110,14,6,4,14,100,4,110,100,6,4,14,4,110,100,4,70,70,4,4,4,4,110,14,4,14,100,4,110,70,110,14,0
	.byte 0,4,4,110,100,100,110,230,228,6,4,4,100,110,100,100,6,6,4,4,100,110,100,100,230,6,6,4,4,100,14,4,4,100,110,100,100,230,228,0
	.byte 0,4,4,70,70,100,70,228,228,4,4,4,70,70,70,228,228,100,4,4,100,70,100,70,228,230,110,4,4,100,14,4,4,100,70,70,228,70,110,0
	.byte 0,0,0,5,5,5,5,5,5,5,5,5,5,5,5,0,0,5,5,5,5,5,5,0,5,5,5,5,5,5,5,0,5,5,5,5,5,5,5,0

; The following goes to $D800 onwards
colorb:
	.byte 0,0,0,0,4,4,6,6,0,0,6,14,6,6,6,6,0,0,6,14,14,6,6,4,0,0,0,6,14,4,6,0,0,6,4,4,4,0,0,0
	.byte 0,0,5,4,4,6,6,6,13,5,6,4,6,6,6,6,6,13,6,14,6,6,6,6,6,1,1,6,4,6,6,0,4,14,4,6,6,1,13,0
	.byte 0,0,4,4,6,6,1,1,1,13,14,4,4,1,4,6,6,1,14,14,4,4,6,4,6,6,1,14,4,4,6,0,4,4,4,1,1,1,1,0
	.byte 0,5,4,4,6,1,1,1,13,1,14,4,4,1,6,4,6,6,4,14,4,4,1,6,6,4,1,14,4,4,4,5,14,4,6,1,1,1,13,0
	.byte 0,6,14,6,4,0,0,0,0,13,14,14,6,1,1,4,4,4,14,14,14,6,1,4,4,6,6,14,14,4,4,6,14,4,5,0,0,0,0,0
	.byte 0,6,14,4,4,0,0,0,0,1,14,14,4,1,1,14,4,4,6,14,14,4,1,4,4,4,4,6,14,4,4,6,14,4,0,0,0,0,0,0
	.byte 0,14,14,14,4,1,13,0,0,13,6,14,4,1,1,14,4,6,6,14,14,4,1,4,4,4,6,6,4,14,4,14,14,14,1,13,0,0,0,0
	.byte 0,4,6,4,14,1,1,0,0,1,6,6,14,13,1,14,4,4,6,4,4,14,1,4,4,4,4,6,6,14,14,4,6,14,1,1,0,0,0,0
	.byte 0,6,6,6,14,5,5,0,0,13,6,6,14,1,1,14,4,14,6,6,6,14,13,14,14,4,4,6,6,6,14,6,6,14,13,5,0,0,0,0
	.byte 0,6,6,6,6,0,0,0,0,13,6,6,6,13,13,14,14,14,6,6,6,6,1,14,14,4,4,6,6,6,6,6,6,6,0,0,0,0,0,0
	.byte 0,4,6,6,6,0,0,0,0,13,6,6,6,13,13,14,14,14,4,6,6,6,13,6,14,14,14,4,6,6,6,4,6,6,0,0,0,0,0,0
	.byte 0,4,4,6,14,4,0,0,0,13,6,4,6,13,13,4,6,14,6,4,6,6,13,6,4,6,14,4,4,6,6,4,4,6,14,4,0,0,0,0
	.byte 0,14,6,6,4,6,1,1,5,5,6,4,6,5,5,4,6,6,6,14,6,6,5,6,4,6,6,6,4,6,6,14,4,6,4,6,1,13,5,0
	.byte 0,4,4,4,14,14,1,13,5,5,4,4,4,5,5,6,6,6,4,14,4,4,5,6,6,6,6,4,4,4,4,4,4,4,14,14,1,13,5,0
	.byte 0,4,14,4,4,5,5,13,5,5,4,4,4,5,5,14,4,4,4,14,4,4,5,4,14,4,4,4,4,4,4,4,4,4,5,5,5,13,5,0
	.byte 0,14,14,4,14,14,6,4,6,6,14,4,14,14,4,14,4,6,4,14,4,14,14,14,14,6,6,14,14,4,4,14,4,14,14,4,14,4,6,0
	.byte 0,14,14,4,14,14,4,4,6,4,14,14,14,4,14,14,4,4,14,14,14,4,14,14,4,4,4,14,14,14,14,14,14,14,4,14,14,4,6,0
	.byte 0,14,14,14,14,14,14,6,6,14,14,14,14,14,14,6,6,14,14,14,14,14,14,14,6,4,4,14,14,14,14,14,14,14,14,14,6,14,4,0
	.byte 0,0,0,5,5,5,5,5,5,5,5,5,5,5,5,0,0,5,5,5,5,5,5,0,5,5,5,5,5,5,5,0,5,5,5,5,5,5,5,0

