//machine=10 (c64m)
grafik_data:
	.byte 0,0,0,0,0,0,0,0
	.byte 0,0,0,0,0,0,0,0
	.byte 0,0,0,0,0,0,0,0
	.byte 0,0,0,0,0,0,0,0
	.byte 0,0,0,0,0,0,0,0
	.byte 0,0,0,0,0,0,0,0
	.byte 0,0,0,0,0,0,0,0
	.byte 0,0,0,0,0,0,0,0
	.byte 0,0,0,0,0,0,0,0
	.byte 0,0,0,0,0,0,0,0
	.byte 0,0,0,0,0,0,0,0
	.byte 0,0,0,0,0,0,0,0
	.byte 0,0,0,0,0,0,0,0
	.byte 0,0,0,0,0,0,0,0
	.byte 0,0,0,0,0,0,0,0
	.byte 0,0,0,0,0,0,0,0
	.byte 0,0,0,0,0,0,0,0
	.byte 0,0,0,0,0,0,0,0
	.byte 0,0,0,0,0,0,0,0
	.byte 0,0,0,0,0,0,0,0
	.byte 0,0,0,0,0,0,0,0
	.byte 0,0,0,0,0,0,0,0
	.byte 0,0,0,0,0,0,0,0
	.byte 0,0,0,0,0,0,0,0
	.byte 0,0,0,0,0,0,0,0
	.byte 0,0,0,0,0,0,0,0
	.byte 0,0,0,0,0,0,0,0
	.byte 0,0,0,0,0,0,0,0
	.byte 0,0,0,0,0,0,0,0
	.byte 0,0,0,0,0,0,0,0
	.byte 0,0,0,0,0,0,0,0
	.byte 0,0,0,0,0,0,0,0
	.byte 0,0,0,0,0,0,0,0
	.byte 0,0,0,0,0,0,0,0
	.byte 0,0,0,0,0,0,0,0
	.byte 0,0,0,0,0,0,0,0
	.byte 0,0,0,0,0,0,0,0
	.byte 0,0,0,0,0,0,0,0
	.byte 0,0,0,0,0,0,0,0
	.byte 0,0,0,0,0,0,0,0

	.byte 0,0,0,0,0,0,0,0
	.byte 0,0,0,0,0,0,0,0
	.byte 0,0,0,0,0,0,0,0
	.byte 0,0,0,0,0,0,0,0
	.byte 0,0,0,0,0,0,0,0
	.byte 0,0,0,0,0,0,0,0
	.byte 0,0,0,0,0,0,0,0
	.byte 0,0,0,0,0,0,0,0
	.byte 0,0,0,0,0,0,0,0
	.byte 0,0,0,0,0,0,0,0
	.byte 0,0,0,0,0,0,0,0
	.byte 0,0,0,0,0,0,0,0
	.byte 0,0,0,0,0,0,0,0
	.byte 0,0,0,0,0,0,0,0
	.byte 0,0,0,0,0,0,0,0
	.byte 0,0,0,0,0,0,0,0
	.byte 0,0,0,0,0,0,0,15
	.byte 0,0,0,0,0,0,255,106
	.byte 0,0,0,0,0,0,0,192
	.byte 0,0,0,0,0,0,0,0
	.byte 0,0,0,0,0,0,0,0
	.byte 0,0,0,0,0,0,0,0
	.byte 0,0,0,0,0,0,0,0
	.byte 0,0,0,0,0,0,0,0
	.byte 0,0,0,0,0,0,0,0
	.byte 0,0,0,0,0,0,3,62
	.byte 0,0,0,0,0,0,252,167
	.byte 0,0,0,0,0,0,0,192
	.byte 0,0,0,0,0,0,0,0
	.byte 0,0,0,0,0,0,0,0
	.byte 0,0,0,0,0,0,0,0
	.byte 0,0,0,0,0,0,0,0
	.byte 0,0,0,0,0,0,0,0
	.byte 0,0,0,0,0,0,0,0
	.byte 0,0,0,0,0,0,0,0
	.byte 0,0,0,0,0,0,0,0
	.byte 0,0,0,0,0,0,0,0
	.byte 0,0,0,0,0,0,0,0
	.byte 0,0,0,0,0,0,0,0
	.byte 0,0,0,0,0,0,0,0

	.byte 0,0,0,0,0,0,0,0
	.byte 0,0,0,0,0,0,0,0
	.byte 0,0,0,0,0,0,0,0
	.byte 0,0,0,0,0,0,0,0
	.byte 0,0,0,0,0,0,0,0
	.byte 0,0,0,0,0,0,0,0
	.byte 0,0,0,0,0,0,0,0
	.byte 0,0,0,0,0,0,0,0
	.byte 0,0,0,0,0,0,0,0
	.byte 0,0,0,0,0,0,0,0
	.byte 0,0,0,0,0,0,0,0
	.byte 0,0,0,0,0,0,0,0
	.byte 0,0,0,0,0,0,0,0
	.byte 0,0,0,0,0,0,0,0
	.byte 0,0,0,0,0,0,0,0
	.byte 0,0,0,0,0,0,0,0
	.byte 15,0,0,0,0,0,0,15
	.byte 149,143,143,112,112,128,128,112
	.byte 192,0,0,192,192,0,0,192
	.byte 0,0,0,0,0,0,0,0
	.byte 0,0,0,0,0,0,0,0
	.byte 0,0,0,0,0,0,0,0
	.byte 0,0,0,0,0,0,0,0
	.byte 0,0,0,0,0,0,0,0
	.byte 0,0,0,0,0,0,0,0
	.byte 43,3,3,1,1,3,3,41
	.byte 167,12,12,243,243,0,0,243
	.byte 192,0,0,192,192,0,0,192
	.byte 0,0,0,0,0,0,0,0
	.byte 0,0,0,0,0,0,0,0
	.byte 0,0,0,0,0,0,0,0
	.byte 0,0,0,0,0,0,0,0
	.byte 0,0,0,0,0,0,0,0
	.byte 0,0,0,0,0,0,0,0
	.byte 0,0,0,0,0,0,0,0
	.byte 0,0,0,0,0,0,0,0
	.byte 0,0,0,0,0,0,0,0
	.byte 0,0,0,0,0,0,0,0
	.byte 0,0,0,0,0,0,0,0
	.byte 0,0,0,0,0,0,0,0

	.byte 0,0,0,0,0,0,0,0
	.byte 0,0,0,0,0,0,0,0
	.byte 0,0,0,0,0,0,0,0
	.byte 0,0,0,0,0,0,0,0
	.byte 0,0,0,0,0,0,0,0
	.byte 0,0,0,0,0,0,0,0
	.byte 0,0,0,0,0,0,0,0
	.byte 0,0,0,0,0,0,0,0
	.byte 0,0,0,0,0,0,0,0
	.byte 0,0,0,0,0,0,0,0
	.byte 0,0,0,0,0,0,0,0
	.byte 0,0,0,0,0,0,0,0
	.byte 0,0,0,0,0,0,0,0
	.byte 0,0,0,0,0,0,0,0
	.byte 0,0,0,0,0,0,0,0
	.byte 0,0,0,0,0,0,0,0
	.byte 15,0,0,15,15,0,15,15
	.byte 176,128,128,176,176,64,112,112
	.byte 192,0,0,192,192,192,192,192
	.byte 0,0,0,0,0,0,0,0
	.byte 0,0,0,0,0,0,0,0
	.byte 0,0,0,0,0,0,0,0
	.byte 0,0,0,0,0,0,0,0
	.byte 0,0,0,0,0,0,0,0
	.byte 0,0,0,0,0,0,0,0
	.byte 62,2,2,62,62,1,61,61
	.byte 243,0,0,243,243,3,243,243
	.byte 192,0,0,192,192,192,192,192
	.byte 0,0,0,0,0,0,0,0
	.byte 0,0,0,0,0,0,0,0
	.byte 0,0,0,0,0,0,0,0
	.byte 0,0,0,0,0,0,0,0
	.byte 0,0,0,0,0,0,0,0
	.byte 0,0,0,0,0,0,0,0
	.byte 0,0,0,0,0,0,0,0
	.byte 0,0,0,0,0,0,0,0
	.byte 0,0,0,0,0,0,0,0
	.byte 0,0,0,0,0,0,0,0
	.byte 0,0,0,0,0,0,0,0
	.byte 0,0,0,0,0,0,0,0

	.byte 0,0,0,0,0,0,0,0
	.byte 0,0,0,0,0,0,0,0
	.byte 0,0,0,0,0,0,0,0
	.byte 0,0,0,0,0,0,0,0
	.byte 0,0,0,0,0,0,0,0
	.byte 0,0,0,0,0,0,0,0
	.byte 0,0,0,0,0,0,0,0
	.byte 0,0,0,0,0,0,0,0
	.byte 0,0,0,0,0,0,0,0
	.byte 0,0,0,0,0,0,0,0
	.byte 0,0,0,0,0,0,0,0
	.byte 0,0,0,0,0,0,0,0
	.byte 0,0,0,0,0,0,0,0
	.byte 0,0,0,0,0,0,0,0
	.byte 0,0,0,0,0,0,0,0
	.byte 0,0,0,0,0,0,0,0
	.byte 0,0,15,15,15,15,15,15
	.byte 96,96,224,224,112,112,224,224
	.byte 192,192,128,128,192,192,128,128
	.byte 0,0,0,0,0,0,0,0
	.byte 0,0,0,0,0,0,0,0
	.byte 0,0,0,0,0,0,0,0
	.byte 0,0,0,0,0,0,0,0
	.byte 0,0,0,0,0,0,0,0
	.byte 0,0,0,0,0,0,0,0
	.byte 1,1,62,62,61,61,62,62
	.byte 242,242,243,243,162,162,243,243
	.byte 192,192,128,128,192,192,128,128
	.byte 0,0,0,0,0,0,0,0
	.byte 0,0,0,0,0,0,0,0
	.byte 0,0,0,0,0,0,0,0
	.byte 0,0,0,0,0,0,0,0
	.byte 0,0,0,0,0,0,0,0
	.byte 0,0,0,0,0,0,0,0
	.byte 0,0,0,0,0,0,0,0
	.byte 0,0,0,0,0,0,0,0
	.byte 0,0,0,0,0,0,0,0
	.byte 0,0,0,0,0,0,0,0
	.byte 0,0,0,0,0,0,0,0
	.byte 0,0,0,0,0,0,0,0

	.byte 0,0,0,0,0,0,0,0
	.byte 0,0,0,0,0,0,0,0
	.byte 0,0,0,0,0,0,0,0
	.byte 0,0,0,0,0,0,0,0
	.byte 0,0,0,0,0,0,0,0
	.byte 0,0,0,0,0,0,0,0
	.byte 0,0,0,0,0,0,0,0
	.byte 0,0,0,0,0,0,0,0
	.byte 0,0,0,0,0,0,0,0
	.byte 0,0,0,0,0,0,0,0
	.byte 0,0,0,0,0,0,0,0
	.byte 0,0,0,0,0,0,0,0
	.byte 0,0,0,0,0,0,0,0
	.byte 0,0,0,0,0,0,0,0
	.byte 0,0,0,0,0,0,0,0
	.byte 0,0,0,0,0,0,0,0
	.byte 15,15,10,15,15,15,15,5
	.byte 111,111,112,111,111,96,96,111
	.byte 192,192,192,192,192,192,192,128
	.byte 0,0,0,0,0,0,0,0
	.byte 0,0,0,0,0,0,0,0
	.byte 0,0,0,0,0,0,0,0
	.byte 0,0,0,0,0,0,0,0
	.byte 0,0,0,0,0,0,0,0
	.byte 0,0,0,0,0,0,0,0
	.byte 62,62,22,62,62,62,62,42
	.byte 251,251,163,251,251,243,243,249
	.byte 192,192,192,192,192,192,192,128
	.byte 0,0,0,0,0,0,0,0
	.byte 0,0,0,0,0,0,0,0
	.byte 0,0,0,0,0,0,0,0
	.byte 0,0,0,0,0,0,0,0
	.byte 0,0,0,0,0,0,0,0
	.byte 0,0,0,0,0,0,0,0
	.byte 0,0,0,0,0,0,0,0
	.byte 0,0,0,0,0,0,0,0
	.byte 0,0,0,0,0,0,0,0
	.byte 0,0,0,0,0,0,0,0
	.byte 0,0,0,0,0,0,0,0
	.byte 0,0,0,0,0,0,0,0

	.byte 0,0,0,0,0,0,0,0
	.byte 0,0,0,0,0,0,0,0
	.byte 0,0,0,0,0,0,0,0
	.byte 0,0,0,0,0,0,0,0
	.byte 0,0,0,0,0,0,0,0
	.byte 0,0,0,0,0,0,0,0
	.byte 0,0,0,0,0,0,0,0
	.byte 0,0,0,0,0,0,0,0
	.byte 0,0,0,0,0,0,0,0
	.byte 0,0,0,0,0,0,0,0
	.byte 0,0,0,0,0,0,0,0
	.byte 0,0,0,0,0,0,0,0
	.byte 0,0,0,0,0,0,0,0
	.byte 0,0,0,0,0,0,0,0
	.byte 0,0,0,0,0,0,0,0
	.byte 0,0,0,0,0,0,0,0
	.byte 10,15,15,10,10,15,15,10
	.byte 250,122,122,223,223,122,122,223
	.byte 128,192,192,128,128,192,192,128
	.byte 0,0,0,0,0,0,0,0
	.byte 0,0,0,0,0,0,0,0
	.byte 0,0,0,0,0,0,0,0
	.byte 0,0,0,0,0,0,0,0
	.byte 0,0,0,0,0,0,0,0
	.byte 0,0,0,0,0,0,0,0
	.byte 61,43,43,61,61,43,43,61
	.byte 246,247,247,174,174,247,247,174
	.byte 128,192,192,128,128,192,192,128
	.byte 0,0,0,0,0,11,11,13
	.byte 0,0,0,0,0,238,238,87
	.byte 0,0,0,0,0,192,192,128
	.byte 0,0,0,0,0,0,0,0
	.byte 0,0,0,0,0,0,0,0
	.byte 0,0,0,0,0,0,0,0
	.byte 0,0,0,0,0,0,0,0
	.byte 0,0,0,0,0,0,0,0
	.byte 0,0,0,0,0,0,0,0
	.byte 0,0,0,0,0,0,0,0
	.byte 0,0,0,0,0,0,0,0
	.byte 0,0,0,0,0,0,0,0

	.byte 0,0,0,0,0,0,0,0
	.byte 0,0,0,0,0,0,0,0
	.byte 0,0,0,0,0,0,0,0
	.byte 0,0,0,0,0,0,0,0
	.byte 0,0,0,0,0,0,0,0
	.byte 0,0,0,0,0,0,0,0
	.byte 0,0,0,0,0,0,0,0
	.byte 0,0,0,0,0,0,0,0
	.byte 0,0,0,0,0,0,0,0
	.byte 0,0,0,0,0,0,0,0
	.byte 0,0,0,0,0,0,0,0
	.byte 0,0,0,0,0,0,0,0
	.byte 0,0,0,0,0,0,0,0
	.byte 0,0,0,0,0,0,0,0
	.byte 0,0,0,0,0,0,0,0
	.byte 0,0,0,0,0,0,0,0
	.byte 15,10,15,15,15,15,15,15
	.byte 239,255,111,111,255,255,111,111
	.byte 192,192,192,192,128,128,192,192
	.byte 0,0,0,0,0,0,0,0
	.byte 0,0,0,0,0,0,0,0
	.byte 0,0,0,0,0,0,0,0
	.byte 0,0,0,0,0,0,0,0
	.byte 0,0,0,0,0,0,0,0
	.byte 0,0,0,0,0,0,0,0
	.byte 61,61,62,62,61,61,62,62
	.byte 251,175,251,251,169,169,251,251
	.byte 192,192,192,192,128,128,192,192
	.byte 14,6,14,14,7,7,0,0
	.byte 171,183,151,151,223,223,0,0
	.byte 192,192,192,192,192,192,0,0
	.byte 0,0,0,0,0,0,0,0
	.byte 0,0,0,0,0,0,0,0
	.byte 0,0,0,0,0,0,0,0
	.byte 0,0,0,0,0,0,0,0
	.byte 0,0,0,0,0,0,0,0
	.byte 0,0,0,0,0,0,0,0
	.byte 0,0,0,0,0,0,0,0
	.byte 0,0,0,0,0,0,0,0
	.byte 0,0,0,0,0,0,0,0

	.byte 0,0,0,0,0,0,0,0
	.byte 0,0,0,0,0,0,0,0
	.byte 0,0,0,0,0,0,0,0
	.byte 0,0,0,0,0,0,0,0
	.byte 0,0,0,0,0,0,0,0
	.byte 0,0,0,0,0,0,47,47
	.byte 0,0,0,0,154,154,255,255
	.byte 0,0,0,0,0,0,188,188
	.byte 0,0,0,0,0,0,0,0
	.byte 0,0,0,0,0,0,0,0
	.byte 0,0,0,0,0,0,0,0
	.byte 0,0,0,0,0,0,0,0
	.byte 0,0,0,0,0,0,0,0
	.byte 0,0,0,0,0,0,0,0
	.byte 0,0,0,0,2,2,127,127
	.byte 0,0,0,0,164,164,255,255
	.byte 15,15,15,15,15,15,186,186
	.byte 239,239,111,111,122,122,111,111
	.byte 192,192,128,128,192,192,192,192
	.byte 0,0,0,0,0,0,0,0
	.byte 0,0,0,0,0,0,0,0
	.byte 0,0,0,0,0,0,0,0
	.byte 0,0,0,0,0,0,3,3
	.byte 0,0,0,0,10,10,127,127
	.byte 0,0,0,0,104,104,255,255
	.byte 62,62,61,61,61,61,233,233
	.byte 246,246,247,247,174,174,246,246
	.byte 192,192,128,128,192,192,192,192
	.byte 0,0,0,0,7,7,14,14
	.byte 0,0,0,0,238,238,127,127
	.byte 0,0,0,0,128,128,192,192
	.byte 0,0,0,0,0,0,0,0
	.byte 0,0,0,0,0,0,0,0
	.byte 0,0,0,0,0,0,0,0
	.byte 0,0,0,0,0,0,3,3
	.byte 0,0,0,0,9,9,255,255
	.byte 0,0,0,0,96,96,255,255
	.byte 0,0,0,0,0,0,192,192
	.byte 0,0,0,0,0,0,0,0
	.byte 0,0,0,0,0,0,0,0

	.byte 0,0,0,0,0,0,0,0
	.byte 0,0,0,0,0,0,0,0
	.byte 0,0,0,0,0,0,0,0
	.byte 0,0,0,3,3,62,62,233
	.byte 6,251,251,175,175,249,249,252
	.byte 90,175,175,176,176,192,192,0
	.byte 186,239,239,0,0,0,0,0
	.byte 255,235,235,61,61,2,2,3
	.byte 170,250,250,254,254,91,91,94
	.byte 0,0,0,128,128,192,192,176
	.byte 0,0,0,0,0,0,0,0
	.byte 0,0,0,0,0,0,0,3
	.byte 0,0,0,15,15,58,58,229
	.byte 22,235,235,191,191,233,233,252
	.byte 107,190,190,192,192,0,0,0
	.byte 174,249,249,0,0,0,0,0
	.byte 111,186,186,47,47,15,15,10
	.byte 111,191,191,111,111,255,255,111
	.byte 192,192,192,192,192,192,192,192
	.byte 0,0,0,0,0,0,0,0
	.byte 0,0,0,0,0,0,0,3
	.byte 0,3,3,13,13,251,251,167
	.byte 90,175,175,253,253,164,164,240
	.byte 122,239,239,128,128,0,0,0
	.byte 235,189,189,0,0,0,0,0
	.byte 191,234,234,191,191,61,61,43
	.byte 251,171,171,251,251,171,171,251
	.byte 192,192,192,192,192,192,192,192
	.byte 11,9,9,11,11,13,13,11
	.byte 126,254,254,110,110,253,253,110
	.byte 192,192,192,192,192,128,128,192
	.byte 0,0,0,0,0,0,0,0
	.byte 0,0,0,0,0,0,0,15
	.byte 0,3,3,61,61,235,235,151
	.byte 149,127,127,254,254,104,104,192
	.byte 174,251,251,0,0,0,0,0
	.byte 223,122,122,0,0,0,0,0
	.byte 255,127,127,229,229,26,26,58
	.byte 0,192,192,188,188,232,232,190
	.byte 0,0,0,0,0,0,0,0

	.byte 0,0,0,0,0,0,0,0
	.byte 0,0,0,0,0,0,0,0
	.byte 0,0,0,2,2,23,63,63
	.byte 189,254,254,214,214,233,107,107
	.byte 168,244,244,240,240,160,0,0
	.byte 0,0,0,0,0,0,0,0
	.byte 0,0,0,0,0,0,0,0
	.byte 3,0,0,0,0,0,3,3
	.byte 91,254,254,175,175,255,91,91
	.byte 176,208,208,176,176,176,176,176
	.byte 0,0,0,0,0,0,0,0
	.byte 1,3,3,11,11,95,254,254
	.byte 181,250,250,218,218,229,111,111
	.byte 84,232,232,192,192,64,0,0
	.byte 0,0,0,0,0,0,0,0
	.byte 0,0,0,0,0,0,0,0
	.byte 15,10,10,15,15,10,53,53
	.byte 122,223,223,250,250,223,122,122
	.byte 192,128,128,192,192,128,192,192
	.byte 0,0,0,0,0,0,0,0
	.byte 1,3,3,43,43,127,254,254
	.byte 91,94,94,174,174,251,244,244
	.byte 160,240,240,0,0,0,0,0
	.byte 0,0,0,0,0,0,0,0
	.byte 0,0,0,0,0,0,0,0
	.byte 22,43,43,23,23,43,126,126
	.byte 247,174,174,247,247,174,247,247
	.byte 192,128,128,192,192,128,192,192
	.byte 9,7,7,11,11,7,173,173
	.byte 191,110,110,127,127,110,191,191
	.byte 192,128,128,192,192,128,192,192
	.byte 0,0,0,0,0,2,3,3
	.byte 5,15,15,47,47,127,250,250
	.byte 107,126,126,190,190,235,212,212
	.byte 128,192,192,0,0,0,0,0
	.byte 0,0,0,0,0,0,0,0
	.byte 0,0,0,0,0,0,0,0
	.byte 58,5,5,15,15,5,58,58
	.byte 235,125,125,107,107,107,235,235
	.byte 0,0,0,0,0,0,0,0

	.byte 0,0,0,0,0,0,0,0
	.byte 0,0,0,0,0,0,15,15
	.byte 126,126,190,190,234,234,254,254
	.byte 107,107,126,126,190,190,125,125
	.byte 240,240,0,0,0,0,0,0
	.byte 0,0,0,0,0,0,0,0
	.byte 0,0,0,0,15,15,58,58
	.byte 62,62,235,235,189,189,215,215
	.byte 251,251,172,172,240,240,0,0
	.byte 192,192,0,0,0,0,0,0
	.byte 2,2,1,1,3,3,11,11
	.byte 249,249,249,249,171,171,249,249
	.byte 122,122,111,111,239,239,101,101
	.byte 192,192,0,0,0,0,0,0
	.byte 0,0,0,0,0,0,0,0
	.byte 3,3,3,3,1,1,2,2
	.byte 122,122,127,127,186,186,255,255
	.byte 250,250,218,218,122,122,223,223
	.byte 128,128,192,192,128,128,192,192
	.byte 10,10,5,5,15,15,47,47
	.byte 189,189,189,189,255,255,189,189
	.byte 173,173,248,248,248,248,244,244
	.byte 0,0,0,0,0,0,0,0
	.byte 0,0,0,0,0,0,0,0
	.byte 3,3,3,3,1,1,2,2
	.byte 234,234,254,254,235,235,254,254
	.byte 247,247,166,166,247,247,174,174
	.byte 129,129,193,193,130,130,195,195
	.byte 250,250,254,254,251,251,254,254
	.byte 247,247,230,230,183,183,238,238
	.byte 128,128,192,192,128,128,192,192
	.byte 11,11,7,7,13,13,175,175
	.byte 111,111,111,111,175,175,111,111
	.byte 233,233,188,188,188,188,148,148
	.byte 0,0,0,0,0,0,0,0
	.byte 0,0,0,0,0,0,3,3
	.byte 0,0,15,15,26,26,127,127
	.byte 223,223,122,122,239,239,176,176
	.byte 188,188,192,192,0,0,0,0
	.byte 0,0,0,0,0,0,0,0

	.byte 0,0,0,0,0,0,0,0
	.byte 10,10,15,15,15,47,47,5
	.byte 191,191,171,171,235,188,188,65
	.byte 124,124,190,190,60,40,40,40
	.byte 0,0,0,0,0,3,3,14
	.byte 0,0,15,15,58,111,111,80
	.byte 223,223,122,122,229,176,176,0
	.byte 188,188,192,192,0,0,0,0
	.byte 0,0,0,0,0,0,0,0
	.byte 0,0,0,0,0,0,0,0
	.byte 7,7,15,15,13,175,175,4
	.byte 253,253,173,173,164,240,240,0
	.byte 96,96,239,239,32,48,48,48
	.byte 0,0,0,0,0,0,0,0
	.byte 0,0,0,0,0,0,0,0
	.byte 3,3,2,2,2,0,0,1
	.byte 250,250,191,191,127,53,53,32
	.byte 175,175,159,159,112,192,192,0
	.byte 192,192,192,192,128,130,130,64
	.byte 47,47,63,63,58,191,191,21
	.byte 254,254,126,126,104,192,192,0
	.byte 240,240,248,248,240,160,160,80
	.byte 0,0,0,0,0,0,0,0
	.byte 0,0,0,0,0,0,0,0
	.byte 3,3,2,2,2,0,0,1
	.byte 215,215,255,255,253,234,234,64
	.byte 251,251,91,91,161,2,2,1
	.byte 195,195,193,193,66,128,128,64
	.byte 247,247,255,255,253,250,250,255
	.byte 251,251,219,219,97,130,130,1
	.byte 192,192,192,192,128,130,130,64
	.byte 174,174,255,255,251,254,254,84
	.byte 250,250,245,245,224,192,192,0
	.byte 128,128,188,188,128,192,192,64
	.byte 0,0,0,0,2,61,61,235
	.byte 14,14,251,251,173,247,247,0
	.byte 191,191,218,218,96,192,192,0
	.byte 192,192,0,0,0,0,0,0
	.byte 0,0,0,0,0,0,0,0
	.byte 0,0,0,0,0,0,0,0

	.byte 0,0,0,0,0,0,0,0
	.byte 15,31,31,10,10,31,31,26
	.byte 131,60,60,3,3,60,60,3
	.byte 40,60,60,61,61,126,126,41
	.byte 13,247,247,172,172,243,243,12
	.byte 176,207,207,48,48,192,192,0
	.byte 192,0,0,0,0,0,0,0
	.byte 0,0,0,0,0,0,0,0
	.byte 0,0,0,0,0,0,0,0
	.byte 0,0,0,0,0,0,0,0
	.byte 9,248,248,4,4,248,248,244
	.byte 12,240,240,12,12,240,240,12
	.byte 16,48,48,32,32,48,48,48
	.byte 0,0,0,0,0,0,0,0
	.byte 0,0,0,0,0,0,0,0
	.byte 3,0,0,3,3,0,0,3
	.byte 176,48,48,144,144,48,48,144
	.byte 48,192,192,48,48,192,192,48
	.byte 64,131,131,192,192,3,3,195
	.byte 31,144,144,48,48,144,144,176
	.byte 60,192,192,60,60,192,192,60
	.byte 80,240,240,160,160,240,240,240
	.byte 0,0,0,0,0,0,0,0
	.byte 0,0,0,0,0,0,0,0
	.byte 3,0,0,3,3,0,0,3
	.byte 192,194,194,64,64,194,194,64
	.byte 241,2,2,243,243,0,0,243
	.byte 67,128,128,195,195,0,0,195
	.byte 240,241,241,160,160,241,241,160
	.byte 49,194,194,51,51,192,192,51
	.byte 64,131,131,192,192,3,3,195
	.byte 248,241,241,160,160,241,241,160
	.byte 48,192,192,48,48,207,207,48
	.byte 128,67,67,126,126,107,107,188
	.byte 235,188,188,195,195,60,60,192
	.byte 12,240,240,0,0,0,0,0
	.byte 0,0,0,0,0,0,0,0
	.byte 0,0,0,0,0,0,0,0
	.byte 0,0,0,0,0,0,0,0
	.byte 0,0,0,0,0,0,0,0

	.byte 0,0,0,0,0,0,0,0
	.byte 31,31,31,58,31,31,58,58
	.byte 3,63,63,62,235,235,62,62
	.byte 23,188,188,195,60,60,232,232
	.byte 12,240,240,0,0,0,0,0
	.byte 0,0,0,0,0,0,0,0
	.byte 0,0,0,0,0,0,0,0
	.byte 0,0,0,0,0,0,0,0
	.byte 0,0,0,0,0,0,0,0
	.byte 0,0,0,0,0,0,0,0
	.byte 248,248,248,164,251,251,164,164
	.byte 12,252,252,248,172,172,251,251
	.byte 32,48,48,32,48,48,224,224
	.byte 0,0,0,0,0,0,0,0
	.byte 0,0,0,0,0,0,0,0
	.byte 3,3,3,2,3,3,2,2
	.byte 224,224,224,144,239,239,144,144
	.byte 48,240,240,224,176,176,239,239
	.byte 195,195,195,130,195,195,130,130
	.byte 224,224,224,144,239,239,144,144
	.byte 60,252,252,232,188,188,235,235
	.byte 240,160,160,240,160,160,240,240
	.byte 0,0,0,0,0,0,0,0
	.byte 0,0,0,0,0,0,0,0
	.byte 3,3,3,2,3,3,2,2
	.byte 128,131,131,67,190,190,67,67
	.byte 243,243,243,162,243,243,174,174
	.byte 195,192,192,131,195,195,131,131
	.byte 240,242,242,82,251,251,82,82
	.byte 51,243,243,226,179,179,238,238
	.byte 195,195,195,130,195,195,130,130
	.byte 240,242,242,82,251,251,82,82
	.byte 48,250,250,239,176,176,239,239
	.byte 124,195,195,60,192,192,128,128
	.byte 192,0,0,0,0,0,0,0
	.byte 0,0,0,0,0,0,0,0
	.byte 0,0,0,0,0,0,0,0
	.byte 0,0,0,0,0,0,0,0
	.byte 0,0,0,0,0,0,0,0
	.byte 0,0,0,0,0,0,0,0

	.byte 0,0,0,0,0,0,0,0
	.byte 47,47,15,15,5,5,10,10
	.byte 191,191,189,189,107,107,125,125
	.byte 62,62,188,188,190,190,190,190
	.byte 0,0,0,0,0,0,0,0
	.byte 0,0,0,0,0,0,0,0
	.byte 0,0,0,0,0,0,0,0
	.byte 0,0,0,0,0,0,0,0
	.byte 0,0,0,0,0,0,0,0
	.byte 0,0,0,0,0,0,0,0
	.byte 251,251,11,11,6,6,14,14
	.byte 252,252,246,246,174,174,246,246
	.byte 47,47,224,224,239,239,239,239
	.byte 0,0,0,0,0,0,0,0
	.byte 0,0,0,0,0,0,0,0
	.byte 2,2,3,3,2,2,3,3
	.byte 223,223,159,159,223,223,154,154
	.byte 176,176,239,239,175,175,159,159
	.byte 130,130,192,192,192,192,64,64
	.byte 239,239,47,47,26,26,58,58
	.byte 252,252,214,214,190,190,214,214
	.byte 248,248,240,240,248,248,248,248
	.byte 0,0,0,0,0,0,0,0
	.byte 0,0,0,0,0,0,0,0
	.byte 2,2,3,3,2,2,3,3
	.byte 126,126,127,127,126,126,106,106
	.byte 162,162,251,251,251,251,89,89
	.byte 130,130,195,195,194,194,67,67
	.byte 249,249,250,250,249,249,245,245
	.byte 226,226,187,187,251,251,217,217
	.byte 130,130,192,192,192,192,64,64
	.byte 249,249,249,249,94,94,173,173
	.byte 160,160,159,159,239,239,159,159
	.byte 188,188,128,128,188,188,188,188
	.byte 0,0,0,0,0,0,0,0
	.byte 0,0,0,0,0,0,0,0
	.byte 0,0,0,0,0,0,0,0
	.byte 0,0,0,0,0,0,0,0
	.byte 0,0,0,0,0,0,0,0
	.byte 0,0,0,0,0,0,0,0

	.byte 0,0,0,0,0,0,0,0
	.byte 0,0,0,0,0,0,0,0
	.byte 254,191,191,43,43,23,23,2
	.byte 107,235,235,126,126,215,215,253
	.byte 0,80,80,240,240,172,172,251
	.byte 0,0,0,0,0,0,0,191
	.byte 0,0,0,0,0,111,111,250
	.byte 0,2,2,191,191,254,254,149
	.byte 11,255,255,166,166,92,92,240
	.byte 192,192,192,128,128,0,0,0
	.byte 2,3,3,0,0,0,0,0
	.byte 251,254,254,175,175,94,94,11
	.byte 111,239,239,122,122,223,223,245
	.byte 0,64,64,192,192,188,188,235
	.byte 0,0,0,0,0,2,2,253
	.byte 2,3,3,11,11,247,247,94
	.byte 229,175,175,191,191,186,186,239
	.byte 245,239,239,181,181,239,239,175
	.byte 128,192,192,128,128,192,192,192
	.byte 10,15,15,0,0,0,0,0
	.byte 235,254,254,191,191,126,126,43
	.byte 172,174,174,251,251,93,93,247
	.byte 0,0,0,0,0,240,240,174
	.byte 0,0,0,0,0,15,15,165
	.byte 2,3,3,43,43,215,215,126
	.byte 151,191,191,254,254,235,235,190
	.byte 166,251,251,166,166,251,251,251
	.byte 193,131,131,195,195,130,130,131
	.byte 254,250,250,251,251,94,94,251
	.byte 247,238,238,183,183,238,238,175
	.byte 192,128,128,192,192,128,128,192
	.byte 10,14,14,3,3,1,1,0
	.byte 239,250,250,191,191,122,122,111
	.byte 188,190,190,235,235,125,125,215
	.byte 0,0,0,0,0,192,192,190
	.byte 0,0,0,0,0,11,11,245
	.byte 0,0,0,10,10,223,223,122
	.byte 0,47,47,250,250,229,229,95
	.byte 188,252,252,104,104,192,192,0
	.byte 0,0,0,0,0,0,0,0

	.byte 0,0,0,0,0,0,0,0
	.byte 0,0,0,0,0,0,0,0
	.byte 3,0,0,0,0,0,0,0
	.byte 189,235,235,62,62,3,3,0
	.byte 93,246,246,173,173,250,250,7
	.byte 106,255,255,101,101,255,255,170
	.byte 90,191,191,250,250,175,175,192
	.byte 213,107,107,188,188,0,0,0
	.byte 240,0,0,0,0,0,0,0
	.byte 0,0,0,0,0,0,0,0
	.byte 0,0,0,0,0,0,0,0
	.byte 14,3,3,0,0,0,0,0
	.byte 181,239,239,58,58,15,15,0
	.byte 190,233,233,126,126,213,213,43
	.byte 171,254,254,149,149,254,254,148
	.byte 91,254,254,166,166,241,241,1
	.byte 186,255,255,223,223,122,122,95
	.byte 175,239,239,175,175,255,255,101
	.byte 128,192,192,128,128,192,192,192
	.byte 0,0,0,0,0,0,0,0
	.byte 62,3,3,0,0,0,0,0
	.byte 247,173,173,250,250,13,13,0
	.byte 166,95,95,166,166,255,255,90
	.byte 250,175,175,213,213,175,175,208
	.byte 107,254,254,150,150,193,193,1
	.byte 235,254,254,127,127,234,234,125
	.byte 251,249,249,251,251,169,169,245
	.byte 193,131,131,193,193,131,131,129
	.byte 166,249,249,250,250,245,245,255
	.byte 175,238,238,174,174,253,253,101
	.byte 64,192,192,192,192,128,128,128
	.byte 0,0,0,0,0,0,0,0
	.byte 58,15,15,0,0,0,0,0
	.byte 215,189,189,234,234,61,61,0
	.byte 150,127,127,150,150,255,255,106
	.byte 165,91,91,255,255,90,90,172
	.byte 175,245,245,234,234,176,176,0
	.byte 90,176,176,192,192,0,0,0
	.byte 0,0,0,0,0,0,0,0
	.byte 0,0,0,0,0,0,0,0

	.byte 0,0,0,0,0,0,0,0
	.byte 0,0,0,0,0,0,0,0
	.byte 0,0,0,0,0,0,0,0
	.byte 0,0,0,0,0,0,0,0
	.byte 0,0,0,0,0,0,0,0
	.byte 0,0,0,0,0,0,0,0
	.byte 0,0,0,0,0,0,0,0
	.byte 0,0,0,0,0,0,0,0
	.byte 0,0,0,0,0,0,0,0
	.byte 0,0,0,0,0,0,0,0
	.byte 0,0,0,0,0,0,0,0
	.byte 0,0,0,0,0,0,0,0
	.byte 0,0,0,0,0,0,0,0
	.byte 0,0,0,0,0,0,0,0
	.byte 0,0,0,0,0,0,0,0
	.byte 0,0,0,0,0,0,0,0
	.byte 0,0,0,0,0,0,0,0
	.byte 0,0,0,0,0,0,0,0
	.byte 0,0,0,0,0,0,0,0
	.byte 0,0,0,0,0,0,0,0
	.byte 0,0,0,0,0,0,0,0
	.byte 0,0,0,0,0,0,0,0
	.byte 0,0,0,0,0,0,0,0
	.byte 0,0,0,0,0,0,0,0
	.byte 0,0,0,0,0,0,0,0
	.byte 0,0,0,0,0,0,0,0
	.byte 0,0,0,0,0,0,0,0
	.byte 0,0,0,0,0,0,0,0
	.byte 0,0,0,0,0,0,0,0
	.byte 0,0,0,0,0,0,0,0
	.byte 0,0,0,0,0,0,0,0
	.byte 0,0,0,0,0,0,0,0
	.byte 0,0,0,0,0,0,0,0
	.byte 0,0,0,0,0,0,0,0
	.byte 0,0,0,0,0,0,0,0
	.byte 0,0,0,0,0,0,0,0
	.byte 0,0,0,0,0,0,0,0
	.byte 0,0,0,0,0,0,0,0
	.byte 0,0,0,0,0,0,0,0
	.byte 0,0,0,0,0,0,0,0

	.byte 0,0,0,0,0,0,0,0
	.byte 0,0,0,0,0,0,0,0
	.byte 0,0,0,0,0,0,0,0
	.byte 0,0,0,0,0,0,0,0
	.byte 0,0,0,0,0,0,0,0
	.byte 0,0,0,0,0,0,0,0
	.byte 0,0,0,0,0,0,0,0
	.byte 0,0,0,0,0,0,0,0
	.byte 0,0,0,0,0,0,0,0
	.byte 0,0,0,0,0,0,0,0
	.byte 0,0,0,0,0,0,0,0
	.byte 0,0,0,0,0,0,0,0
	.byte 0,0,0,0,0,0,0,0
	.byte 0,0,0,0,0,0,0,0
	.byte 0,0,0,0,0,0,0,0
	.byte 0,0,0,0,0,0,0,0
	.byte 0,0,0,0,0,0,0,0
	.byte 0,0,0,0,0,0,0,0
	.byte 0,0,0,0,0,0,0,0
	.byte 0,0,0,0,0,0,0,0
	.byte 0,0,0,0,0,0,0,0
	.byte 0,0,0,0,0,0,0,0
	.byte 0,0,0,0,0,0,0,0
	.byte 0,0,0,0,0,0,0,0
	.byte 0,0,0,0,0,0,0,0
	.byte 0,0,0,0,0,0,0,0
	.byte 0,0,0,0,0,0,0,0
	.byte 0,0,0,0,0,0,0,0
	.byte 0,0,0,0,0,0,0,0
	.byte 0,0,0,0,0,0,0,0
	.byte 0,0,0,0,0,0,0,0
	.byte 0,0,0,0,0,0,0,0
	.byte 0,0,0,0,0,0,0,0
	.byte 0,0,0,0,0,0,0,0
	.byte 0,0,0,0,0,0,0,0
	.byte 0,0,0,0,0,0,0,0
	.byte 0,0,0,0,0,0,0,0
	.byte 0,0,0,0,0,0,0,0
	.byte 0,0,0,0,0,0,0,0
	.byte 0,0,0,0,0,0,0,0

	.byte 0,0,0,0,0,0,0,0
	.byte 0,0,0,0,0,0,0,0
	.byte 0,0,0,0,0,0,0,0
	.byte 0,0,0,0,0,0,0,0
	.byte 0,0,0,0,0,0,0,0
	.byte 0,0,0,0,0,0,0,0
	.byte 0,0,0,0,0,0,0,0
	.byte 0,0,0,0,0,0,0,0
	.byte 0,0,0,0,0,0,0,0
	.byte 0,0,0,0,0,0,0,0
	.byte 0,0,0,0,0,0,0,0
	.byte 0,0,0,0,0,0,0,0
	.byte 0,0,0,0,0,0,0,0
	.byte 0,0,0,0,0,0,0,0
	.byte 0,0,0,0,0,0,0,0
	.byte 0,0,0,0,0,0,0,0
	.byte 0,0,0,0,0,0,0,0
	.byte 0,0,0,0,0,0,0,0
	.byte 0,0,0,0,0,0,0,0
	.byte 0,0,0,0,0,0,0,0
	.byte 0,0,0,0,0,0,0,0
	.byte 0,0,0,0,0,0,0,0
	.byte 0,0,0,0,0,0,0,0
	.byte 0,0,0,0,0,0,0,0
	.byte 0,0,0,0,0,0,0,0
	.byte 0,0,0,0,0,0,0,0
	.byte 0,0,0,0,0,0,0,0
	.byte 0,0,0,0,0,0,0,0
	.byte 0,0,0,0,0,0,0,0
	.byte 0,0,0,0,0,0,0,0
	.byte 0,0,0,0,0,0,0,0
	.byte 0,0,0,0,0,0,0,0
	.byte 0,0,0,0,0,0,0,0
	.byte 0,0,0,0,0,0,0,0
	.byte 0,0,0,0,0,0,0,0
	.byte 0,0,0,0,0,0,0,0
	.byte 0,0,0,0,0,0,0,0
	.byte 0,0,0,0,0,0,0,0
	.byte 0,0,0,0,0,0,0,0
	.byte 0,0,0,0,0,0,0,0

	.byte 0,0,0,0,0,0,0,0
	.byte 0,0,0,0,0,0,0,0
	.byte 0,0,0,0,0,0,0,0
	.byte 0,0,0,0,0,0,0,0
	.byte 0,0,0,0,0,0,0,0
	.byte 0,0,0,0,0,0,0,0
	.byte 0,0,0,0,0,0,0,0
	.byte 0,0,0,0,0,0,0,0
	.byte 0,0,0,0,0,0,0,0
	.byte 0,0,0,0,0,0,0,0
	.byte 0,0,0,0,0,0,0,0
	.byte 0,0,0,0,0,0,0,0
	.byte 0,0,0,0,0,0,0,0
	.byte 0,0,0,0,0,0,0,0
	.byte 0,0,0,0,0,0,0,0
	.byte 0,0,0,0,0,0,0,0
	.byte 0,0,0,0,0,0,0,0
	.byte 0,0,0,0,0,0,0,0
	.byte 0,0,0,0,0,0,0,0
	.byte 0,0,0,0,0,0,0,0
	.byte 0,0,0,0,0,0,0,0
	.byte 0,0,0,0,0,0,0,0
	.byte 0,0,0,0,0,0,0,0
	.byte 0,0,0,0,0,0,0,0
	.byte 0,0,0,0,0,0,0,0
	.byte 0,0,0,0,0,0,0,0
	.byte 0,0,0,0,0,0,0,0
	.byte 0,0,0,0,0,0,0,0
	.byte 0,0,0,0,0,0,0,0
	.byte 0,0,0,0,0,0,0,0
	.byte 0,0,0,0,0,0,0,0
	.byte 0,0,0,0,0,0,0,0
	.byte 0,0,0,0,0,0,0,0
	.byte 0,0,0,0,0,0,0,0
	.byte 0,0,0,0,0,0,0,0
	.byte 0,0,0,0,0,0,0,0
	.byte 0,0,0,0,0,0,0,0
	.byte 0,0,0,0,0,0,0,0
	.byte 0,0,0,0,0,0,0,0
	.byte 0,0,0,0,0,0,0,0

	.byte 0,0,0,0,0,0,0,0
	.byte 0,0,0,0,0,0,0,0
	.byte 0,0,0,0,0,0,0,0
	.byte 0,0,0,0,0,0,0,0
	.byte 0,0,0,0,0,0,0,0
	.byte 0,0,0,0,0,0,0,0
	.byte 0,0,0,0,0,0,0,0
	.byte 0,0,0,0,0,0,0,0
	.byte 0,0,0,0,0,0,0,0
	.byte 0,0,0,0,0,0,0,0
	.byte 0,0,0,0,0,0,0,0
	.byte 0,0,0,0,0,0,0,0
	.byte 0,0,0,0,0,0,0,0
	.byte 0,0,0,0,0,0,0,0
	.byte 0,0,0,0,0,0,0,0
	.byte 0,0,0,0,0,0,0,0
	.byte 0,0,0,0,0,0,0,0
	.byte 0,0,0,0,0,0,0,0
	.byte 0,0,0,0,0,0,0,0
	.byte 0,0,0,0,0,0,0,0
	.byte 0,0,0,0,0,0,0,0
	.byte 0,0,0,0,0,0,0,0
	.byte 0,0,0,0,0,0,0,0
	.byte 0,0,0,0,0,0,0,0
	.byte 0,0,0,0,0,0,0,0
	.byte 0,0,0,0,0,0,0,0
	.byte 0,0,0,0,0,0,0,0
	.byte 0,0,0,0,0,0,0,0
	.byte 0,0,0,0,0,0,0,0
	.byte 0,0,0,0,0,0,0,0
	.byte 0,0,0,0,0,0,0,0
	.byte 0,0,0,0,0,0,0,0
	.byte 0,0,0,0,0,0,0,0
	.byte 0,0,0,0,0,0,0,0
	.byte 0,0,0,0,0,0,0,0
	.byte 0,0,0,0,0,0,0,0
	.byte 0,0,0,0,0,0,0,0
	.byte 0,0,0,0,0,0,0,0
	.byte 0,0,0,0,0,0,0,0
	.byte 0,0,0,0,0,0,0,0

	.byte 0,0,0,0,0,0,0,0
	.byte 0,0,0,0,0,0,0,0
	.byte 0,0,0,0,0,0,0,0
	.byte 0,0,0,0,0,0,0,0
	.byte 0,0,0,0,0,0,0,0
	.byte 0,0,0,0,0,0,0,0
	.byte 0,0,0,0,0,0,0,0
	.byte 0,0,0,0,0,0,0,0
	.byte 0,0,0,0,0,0,0,0
	.byte 0,0,0,0,0,0,0,0
	.byte 0,0,0,0,0,0,0,0
	.byte 0,0,0,0,0,0,0,0
	.byte 0,0,0,0,0,0,0,0
	.byte 0,0,0,0,0,0,0,0
	.byte 0,0,0,0,0,0,0,0
	.byte 0,0,0,0,0,0,0,0
	.byte 0,0,0,0,0,0,0,0
	.byte 0,0,0,0,0,0,0,0
	.byte 0,0,0,0,0,0,0,0
	.byte 0,0,0,0,0,0,0,0
	.byte 0,0,0,0,0,0,0,0
	.byte 0,0,0,0,0,0,0,0
	.byte 0,0,0,0,0,0,0,0
	.byte 0,0,0,0,0,0,0,0
	.byte 0,0,0,0,0,0,0,0
	.byte 0,0,0,0,0,0,0,0
	.byte 0,0,0,0,0,0,0,0
	.byte 0,0,0,0,0,0,0,0
	.byte 0,0,0,0,0,0,0,0
	.byte 0,0,0,0,0,0,0,0
	.byte 0,0,0,0,0,0,0,0
	.byte 0,0,0,0,0,0,0,0
	.byte 0,0,0,0,0,0,0,0
	.byte 0,0,0,0,0,0,0,0
	.byte 0,0,0,0,0,0,0,0
	.byte 0,0,0,0,0,0,0,0
	.byte 0,0,0,0,0,0,0,0
	.byte 0,0,0,0,0,0,0,0
	.byte 0,0,0,0,0,0,0,0
	.byte 0,0,0,0,0,0,0,0

	.byte 0,0,0,0,0,0,0,0
	.byte 0,0,0,0,0,0,0,0
	.byte 0,0,0,0,0,0,0,0
	.byte 0,0,0,0,0,0,0,0
	.byte 0,0,0,0,0,0,0,0
	.byte 0,0,0,0,0,0,0,0
	.byte 0,0,0,0,0,0,0,0
	.byte 0,0,0,0,0,0,0,0
	.byte 0,0,0,0,0,0,0,0
	.byte 0,0,0,0,0,0,0,0
	.byte 0,0,0,0,0,0,0,0
	.byte 0,0,0,0,0,0,0,0
	.byte 0,0,0,0,0,0,0,0
	.byte 0,0,0,0,0,0,0,0
	.byte 0,0,0,0,0,0,0,0
	.byte 0,0,0,0,0,0,0,0
	.byte 0,0,0,0,0,0,0,0
	.byte 0,0,0,0,0,0,0,0
	.byte 0,0,0,0,0,0,0,0
	.byte 0,0,0,0,0,0,0,0
	.byte 0,0,0,0,0,0,0,0
	.byte 0,0,0,0,0,0,0,0
	.byte 0,0,0,0,0,0,0,0
	.byte 0,0,0,0,0,0,0,0
	.byte 0,0,0,0,0,0,0,0
	.byte 0,0,0,0,0,0,0,0
	.byte 0,0,0,0,0,0,0,0
	.byte 0,0,0,0,0,0,0,0
	.byte 0,0,0,0,0,0,0,0
	.byte 0,0,0,0,0,0,0,0
	.byte 0,0,0,0,0,0,0,0
	.byte 0,0,0,0,0,0,0,0
	.byte 0,0,0,0,0,0,0,0
	.byte 0,0,0,0,0,0,0,0
	.byte 0,0,0,0,0,0,0,0
	.byte 0,0,0,0,0,0,0,0
	.byte 0,0,0,0,0,0,0,0
	.byte 0,0,0,0,0,0,0,0
	.byte 0,0,0,0,0,0,0,0
	.byte 0,0,0,0,0,0,0,0


// The following two first values are border and background
*=* "ColorA"
colora:
  .byte 6,0
	.byte 0,0,230,6,0,0,0,0,0,0,0,0,0,0,0,0,0,0,0,0,0,0,0,0,0,0,0,0,0,0,0,0,0,0,0,0,0,0,0,0
	.byte 0,6,14,222,6,0,0,0,0,0,0,0,0,0,0,0,6,52,6,0,0,0,0,0,0,3,78,6,0,0,0,0,0,0,0,0,0,0,0,0
	.byte 0,6,14,14,6,0,0,0,0,0,0,0,0,0,0,0,6,227,6,0,0,0,0,0,0,230,78,6,0,0,0,0,0,0,0,0,0,0,0,0
	.byte 0,6,14,14,6,0,0,0,0,0,0,0,0,0,0,0,6,78,6,0,0,0,0,0,0,78,6,6,0,0,0,0,0,0,0,0,0,0,0,0
	.byte 0,6,6,6,6,0,0,0,0,0,0,0,0,0,0,0,6,230,6,0,0,0,0,0,0,228,4,6,0,0,0,0,0,0,0,0,0,0,0,0
	.byte 0,0,0,0,0,0,0,0,0,0,0,0,0,0,0,0,230,228,14,0,0,0,0,0,0,110,230,14,0,0,0,0,0,0,0,0,0,0,0,0
	.byte 0,0,0,0,0,0,0,0,0,0,0,0,0,0,0,0,14,230,14,0,0,0,0,0,0,52,110,14,222,222,3,0,0,0,0,0,0,0,0,0
	.byte 0,0,0,0,0,0,0,0,0,0,0,0,0,0,0,0,4,222,3,0,0,0,0,0,0,61,52,3,237,77,3,0,0,0,0,0,0,0,0,0
	.byte 0,0,0,0,0,14,228,3,0,0,0,0,0,0,228,78,3,222,14,0,0,0,14,228,228,211,67,14,237,222,14,0,0,0,14,228,228,14,0,0
	.byte 0,0,0,61,67,62,4,29,30,14,0,14,61,67,62,62,227,211,3,0,14,61,67,52,52,19,14,3,19,211,13,0,14,61,52,14,67,209,3,0
	.byte 0,0,227,62,78,0,0,3,19,222,0,227,62,228,0,0,29,222,13,0,227,211,14,0,0,61,237,13,211,29,13,14,227,211,14,0,0,209,222,0
	.byte 0,3,61,227,4,0,3,237,14,3,211,237,237,4,0,209,61,19,13,211,225,67,0,0,209,13,49,61,13,49,13,211,29,237,0,14,237,222,14,0
	.byte 0,173,129,62,8,147,52,14,0,0,211,49,61,0,0,157,61,209,163,141,19,174,0,0,157,211,211,211,211,211,163,173,227,173,56,67,67,3,0,0
	.byte 0,152,8,154,138,8,9,0,0,0,138,9,169,0,0,9,137,9,168,169,9,169,0,0,9,137,168,168,152,168,168,152,9,138,8,9,0,0,0,0
	.byte 0,154,8,168,9,0,0,0,0,0,168,8,8,0,0,8,168,8,8,168,8,9,0,0,8,168,8,8,169,8,8,169,8,168,9,0,0,0,0,0
	.byte 0,137,169,9,0,0,0,0,0,0,138,169,8,0,0,9,168,168,169,138,169,9,0,0,9,168,169,169,137,169,169,137,168,8,0,0,0,0,0,0
	.byte 0,0,152,169,154,8,138,152,152,8,10,152,169,154,248,248,154,154,8,10,152,169,10,250,248,154,152,154,248,154,10,154,152,169,10,248,248,152,152,0
	.byte 0,0,8,175,143,138,250,154,10,0,0,15,175,248,138,250,248,250,10,0,15,175,138,143,250,248,248,143,138,250,143,0,15,175,138,250,154,154,0,0
	.byte 0,0,0,0,0,0,0,0,0,0,0,0,0,0,0,0,0,0,0,0,0,0,0,0,0,0,0,0,0,0,0,0,0,0,0,0,0,0,0,0
	.byte 0,0,0,0,0,0,0,0,0,0,0,0,0,0,0,0,0,0,0,0,0,0,0,0,0,0,0,0,0,0,0,0,0,0,0,0,0,0,0,0
	.byte 0,0,0,0,0,0,0,0,0,0,0,0,0,0,0,0,0,0,0,0,0,0,0,0,0,0,0,0,0,0,0,0,0,0,0,0,0,0,0,0
	.byte 0,0,0,0,0,0,0,0,0,0,0,0,0,0,0,0,0,0,0,0,0,0,0,0,0,0,0,0,0,0,0,0,0,0,0,0,0,0,0,0
	.byte 0,0,0,0,0,0,0,0,0,0,0,0,0,0,0,0,0,0,0,0,0,0,0,0,0,0,0,0,0,0,0,0,0,0,0,0,0,0,0,0
	.byte 0,0,0,0,0,0,0,0,0,0,0,0,0,0,0,0,0,0,0,0,0,0,0,0,0,0,0,0,0,0,0,0,0,0,0,0,0,0,0,0
	.byte 0,0,0,0,0,0,0,0,0,0,0,0,0,0,0,0,0,0,0,0,0,0,0,0,0,0,0,0,0,0,0,0,0,0,0,0,0,0,0,0

// The following goes to $D800 onwards
colorb:
	.byte 0,0,6,6,0,0,0,0,0,0,0,0,0,0,0,0,0,0,0,0,0,0,0,0,0,0,0,0,0,0,0,0,0,0,0,0,0,0,0,0
	.byte 0,6,14,14,6,0,0,0,0,0,0,0,0,0,0,0,6,6,6,0,0,0,0,0,0,6,6,6,0,0,0,0,0,0,0,0,0,0,0,0
	.byte 0,6,14,14,6,0,0,0,0,0,0,0,0,0,0,0,6,6,6,0,0,0,0,0,0,3,6,6,0,0,0,0,0,0,0,0,0,0,0,0
	.byte 0,6,14,14,6,0,0,0,0,0,0,0,0,0,0,0,6,6,6,0,0,0,0,0,0,6,6,6,0,0,0,0,0,0,0,0,0,0,0,0
	.byte 0,6,6,6,6,0,0,0,0,0,0,0,0,0,0,0,6,4,4,0,0,0,0,0,0,6,6,4,0,0,0,0,0,0,0,0,0,0,0,0
	.byte 0,0,0,0,0,0,0,0,0,0,0,0,0,0,0,0,4,6,4,0,0,0,0,0,0,4,4,4,0,0,0,0,0,0,0,0,0,0,0,0
	.byte 0,0,0,0,0,0,0,0,0,0,0,0,0,0,0,0,4,4,4,0,0,0,0,0,0,14,4,4,3,3,14,0,0,0,0,0,0,0,0,0
	.byte 0,0,0,0,0,0,0,0,0,0,0,0,0,0,0,0,14,4,14,0,0,0,0,0,0,14,14,14,3,3,3,0,0,0,0,0,0,0,0,0
	.byte 0,0,0,0,0,3,3,14,0,0,0,0,0,0,3,3,14,4,3,0,0,0,14,3,3,14,14,3,3,3,3,0,0,0,14,3,3,14,0,0
	.byte 0,0,0,14,14,4,14,3,3,3,0,14,14,14,4,4,13,14,3,0,14,14,14,14,14,13,3,3,13,14,3,0,14,14,14,4,14,3,14,0
	.byte 0,0,13,13,3,0,0,3,13,3,0,13,13,3,0,0,3,3,3,0,13,14,4,0,0,1,3,3,1,3,3,13,13,14,4,0,0,3,3,0
	.byte 0,3,1,13,4,0,14,3,3,3,1,1,3,4,0,3,1,13,1,1,13,13,0,0,3,1,13,1,1,13,1,1,14,3,0,14,3,3,3,0
	.byte 0,1,13,13,9,14,14,3,0,0,1,13,14,0,0,1,1,3,1,1,13,13,0,0,1,1,1,1,1,1,1,1,13,14,9,14,14,3,0,0
	.byte 0,10,9,8,9,9,9,0,0,0,9,9,8,0,0,9,10,9,9,8,9,8,0,0,9,10,9,9,10,9,9,10,9,9,9,9,0,0,0,0
	.byte 0,8,9,9,9,0,0,0,0,0,9,9,9,0,0,9,9,9,9,9,9,8,0,0,9,9,9,9,8,9,9,8,9,9,9,0,0,0,0,0
	.byte 0,10,8,8,0,0,0,0,0,0,9,8,9,0,0,8,9,9,8,9,8,8,0,0,8,9,8,8,10,8,8,10,9,9,0,0,0,0,0,0
	.byte 0,0,10,8,8,10,15,10,10,10,8,10,8,8,10,10,8,8,10,8,10,8,8,8,10,8,10,8,10,8,8,8,10,8,8,10,10,10,10,0
	.byte 0,0,8,8,10,15,8,8,10,0,0,8,8,10,15,8,10,8,15,0,8,8,15,10,8,10,10,10,15,8,10,0,8,8,15,8,8,8,0,0
	.byte 0,0,0,0,0,0,0,0,0,0,0,0,0,0,0,0,0,0,0,0,0,0,0,0,0,0,0,0,0,0,0,0,0,0,0,0,0,0,0,0
	.byte 0,0,0,0,0,0,0,0,0,0,0,0,0,0,0,0,0,0,0,0,0,0,0,0,0,0,0,0,0,0,0,0,0,0,0,0,0,0,0,0
	.byte 0,0,0,0,0,0,0,0,0,0,0,0,0,0,0,0,0,0,0,0,0,0,0,0,0,0,0,0,0,0,0,0,0,0,0,0,0,0,0,0
	.byte 0,0,0,0,0,0,0,0,0,0,0,0,0,0,0,0,0,0,0,0,0,0,0,0,0,0,0,0,0,0,0,0,0,0,0,0,0,0,0,0
	.byte 0,0,0,0,0,0,0,0,0,0,0,0,0,0,0,0,0,0,0,0,0,0,0,0,0,0,0,0,0,0,0,0,0,0,0,0,0,0,0,0
	.byte 0,0,0,0,0,0,0,0,0,0,0,0,0,0,0,0,0,0,0,0,0,0,0,0,0,0,0,0,0,0,0,0,0,0,0,0,0,0,0,0
	.byte 0,0,0,0,0,0,0,0,0,0,0,0,0,0,0,0,0,0,0,0,0,0,0,0,0,0,0,0,0,0,0,0,0,0,0,0,0,0,0,0

