//machine=10 (c64m)
grafik_data:
	.byte 0,0,0,0,0,0,0,0
	.byte 0,0,0,0,0,0,0,0
	.byte 0,0,0,0,0,2,45,223
	.byte 0,0,0,0,0,238,149,204
	.byte 0,0,0,0,0,192,0,192
	.byte 0,0,0,0,0,3,3,3
	.byte 0,0,0,0,0,255,149,175
	.byte 0,0,0,0,0,255,170,95
	.byte 0,0,0,0,0,244,171,253
	.byte 0,0,0,0,0,0,192,240
	.byte 0,0,0,0,0,0,0,0
	.byte 0,0,0,0,0,247,234,237
	.byte 0,0,0,0,0,127,169,207
	.byte 0,0,0,0,0,252,102,251
	.byte 0,0,0,0,0,0,192,48
	.byte 0,0,0,0,0,0,0,0
	.byte 0,0,0,0,0,127,106,107
	.byte 0,0,0,0,0,254,94,234
	.byte 0,0,0,0,0,0,0,0
	.byte 0,0,0,0,0,0,3,14
	.byte 0,0,0,0,0,26,191,249
	.byte 0,0,0,0,0,171,88,255
	.byte 0,0,0,0,0,0,0,0
	.byte 0,0,0,0,0,0,0,0
	.byte 0,0,0,0,0,0,0,0
	.byte 0,0,0,0,0,0,0,0
	.byte 0,0,0,0,0,0,0,0
	.byte 0,0,0,0,0,0,0,0
	.byte 0,0,0,0,0,0,0,0
	.byte 0,0,0,0,0,0,0,0
	.byte 0,0,0,0,0,0,0,0
	.byte 0,0,0,0,0,0,0,0
	.byte 0,0,0,0,0,0,0,0
	.byte 0,0,0,0,0,0,0,0
	.byte 0,0,0,0,0,0,0,0
	.byte 0,0,0,0,0,0,0,0
	.byte 0,0,0,0,0,0,0,0
	.byte 0,0,0,0,0,0,0,0
	.byte 0,0,0,0,0,0,0,0
	.byte 0,0,0,0,0,0,0,0

	.byte 0,0,0,0,0,0,0,0
	.byte 2,11,15,46,62,123,126,191
	.byte 111,184,188,224,224,208,224,144
	.byte 0,0,0,0,0,0,0,0
	.byte 0,0,0,0,0,0,0,0
	.byte 3,2,3,2,2,3,3,3
	.byte 245,175,255,175,191,234,235,254
	.byte 248,168,248,252,248,92,248,92
	.byte 58,14,14,3,3,3,3,1
	.byte 168,234,214,250,245,245,253,253
	.byte 0,0,0,192,192,176,176,176
	.byte 185,254,187,254,251,191,127,123
	.byte 220,204,220,136,220,152,220,184
	.byte 13,2,3,0,0,0,0,0
	.byte 136,98,123,216,222,222,223,95
	.byte 0,0,0,128,192,224,176,176
	.byte 127,235,127,235,239,122,122,127
	.byte 253,149,189,191,189,235,189,235
	.byte 0,0,0,3,1,14,14,14
	.byte 255,254,158,250,122,255,122,95
	.byte 248,224,224,128,128,192,128,192
	.byte 0,0,0,0,0,0,0,0
	.byte 0,0,0,0,0,0,0,0
	.byte 0,0,0,0,0,0,0,0
	.byte 0,0,0,0,0,0,0,0
	.byte 0,0,0,0,0,0,0,0
	.byte 0,0,0,0,0,0,0,0
	.byte 0,0,0,0,0,0,0,0
	.byte 0,0,0,0,0,0,0,0
	.byte 0,0,0,0,0,0,0,0
	.byte 0,0,0,0,0,0,0,0
	.byte 0,0,0,0,0,0,0,0
	.byte 0,0,0,0,0,0,0,0
	.byte 0,0,0,0,0,0,0,0
	.byte 0,0,0,0,0,0,0,0
	.byte 0,0,0,0,0,0,0,0
	.byte 0,0,0,0,0,0,0,0
	.byte 0,0,0,0,0,0,0,0
	.byte 0,0,0,0,0,0,0,0
	.byte 0,0,0,0,0,0,0,0

	.byte 0,3,0,3,3,3,3,2
	.byte 182,142,77,179,76,179,124,191
	.byte 224,144,208,16,32,48,0,48
	.byte 0,0,0,0,0,0,0,0
	.byte 0,0,0,0,0,0,0,0
	.byte 3,3,0,3,3,3,3,3
	.byte 166,158,253,175,127,175,87,165
	.byte 108,88,152,232,60,252,0,252
	.byte 2,3,2,3,2,3,3,2
	.byte 255,191,255,175,255,175,170,234
	.byte 244,244,244,172,244,172,164,172
	.byte 222,211,35,220,227,220,239,159
	.byte 180,152,120,200,4,204,0,204
	.byte 0,0,0,0,0,0,0,0
	.byte 187,250,187,254,187,254,255,127
	.byte 116,220,220,184,220,184,188,152
	.byte 233,231,63,235,223,235,213,233
	.byte 91,86,166,250,207,255,192,191
	.byte 6,57,15,58,55,58,53,58
	.byte 150,213,233,254,243,255,176,175
	.byte 192,128,128,128,192,192,0,192
	.byte 0,0,0,0,0,0,0,0
	.byte 0,0,0,0,0,0,0,0
	.byte 0,0,0,0,0,0,0,0
	.byte 0,0,0,0,0,0,0,0
	.byte 0,0,0,0,0,0,0,0
	.byte 0,0,0,0,0,0,0,0
	.byte 0,0,0,0,0,0,0,0
	.byte 0,0,0,0,0,0,0,0
	.byte 0,0,0,0,0,0,0,0
	.byte 0,0,0,0,0,0,0,0
	.byte 0,0,0,0,0,0,0,0
	.byte 0,0,0,0,0,0,0,0
	.byte 0,0,0,0,0,0,0,0
	.byte 0,0,0,0,0,0,0,0
	.byte 0,0,0,0,0,0,0,0
	.byte 0,0,0,0,0,0,0,0
	.byte 0,0,0,0,0,0,0,0
	.byte 0,0,0,0,0,0,0,0
	.byte 0,0,0,0,0,0,0,0

	.byte 2,3,2,3,3,3,3,1
	.byte 221,183,157,183,191,174,187,174
	.byte 32,181,45,136,183,208,176,221
	.byte 0,112,224,176,80,0,0,251
	.byte 0,0,0,0,0,0,0,239
	.byte 3,3,3,3,3,3,3,162
	.byte 170,250,250,250,255,223,255,95
	.byte 252,172,252,172,172,88,172,85
	.byte 0,3,0,3,3,3,3,90
	.byte 171,90,170,90,255,95,95,95
	.byte 232,252,0,252,252,252,252,172
	.byte 119,237,103,237,239,235,238,171
	.byte 136,236,136,236,236,116,236,119
	.byte 0,0,0,0,0,0,0,126
	.byte 35,220,35,220,239,155,222,155
	.byte 132,204,0,204,204,136,204,184
	.byte 106,126,126,126,127,127,127,191
	.byte 191,191,191,171,122,91,102,91
	.byte 37,47,47,47,47,47,47,31
	.byte 245,255,245,253,175,170,175,170
	.byte 128,255,125,169,255,64,128,255
	.byte 0,128,128,128,192,0,0,255
	.byte 0,0,0,0,0,0,0,255
	.byte 0,0,0,0,0,0,0,192
	.byte 0,0,0,0,0,0,0,0
	.byte 0,0,0,0,0,0,0,0
	.byte 0,0,0,0,0,0,0,0
	.byte 0,0,0,0,0,0,0,0
	.byte 0,0,0,0,0,0,0,0
	.byte 0,0,0,0,0,0,0,0
	.byte 0,0,0,0,0,0,0,0
	.byte 0,0,0,0,0,0,0,0
	.byte 0,0,0,0,0,0,0,0
	.byte 0,0,0,0,0,0,0,0
	.byte 0,0,0,0,0,0,0,0
	.byte 0,0,0,0,0,0,0,0
	.byte 0,0,0,0,0,0,0,0
	.byte 0,0,0,0,0,0,0,0
	.byte 0,0,0,0,0,0,0,0
	.byte 0,0,0,0,0,0,0,0

	.byte 3,2,3,2,0,0,0,0
	.byte 238,255,234,255,0,0,0,0
	.byte 255,187,102,255,0,0,0,0
	.byte 255,119,154,255,0,0,0,0
	.byte 93,251,170,221,0,0,0,0
	.byte 49,227,225,163,0,0,0,0
	.byte 255,170,255,170,0,0,0,0
	.byte 191,170,85,255,0,0,0,0
	.byte 255,85,170,255,0,0,0,0
	.byte 122,255,170,255,0,0,0,0
	.byte 168,248,248,92,0,0,0,0
	.byte 187,255,186,255,0,0,0,0
	.byte 191,238,153,255,0,0,0,0
	.byte 255,238,153,255,0,0,0,0
	.byte 91,127,170,119,0,0,0,0
	.byte 204,184,248,100,0,0,0,0
	.byte 111,127,106,127,0,0,0,0
	.byte 238,126,238,86,0,0,0,0
	.byte 31,26,31,26,0,0,0,0
	.byte 254,175,245,170,0,0,0,0
	.byte 255,85,170,255,0,0,0,0
	.byte 170,255,85,175,0,0,0,0
	.byte 173,255,255,170,0,0,0,0
	.byte 192,192,192,128,0,0,0,0
	.byte 0,0,0,0,0,0,0,0
	.byte 0,0,0,0,0,0,0,0
	.byte 0,0,0,0,0,0,0,0
	.byte 0,0,0,0,0,0,0,0
	.byte 0,0,0,0,0,0,0,0
	.byte 0,0,0,0,0,0,0,0
	.byte 0,0,0,0,0,0,0,0
	.byte 0,0,0,0,0,0,0,0
	.byte 0,0,0,0,0,0,0,0
	.byte 0,0,0,0,0,0,0,0
	.byte 0,0,0,0,0,0,0,0
	.byte 0,0,0,0,0,0,0,0
	.byte 0,0,0,0,0,0,0,0
	.byte 0,0,0,0,0,0,0,0
	.byte 0,0,0,0,0,0,0,0
	.byte 0,0,0,0,0,0,0,0

// The following two first values are border and background
colora:
  .byte 6,0
	.byte 0,0,230,228,6,11,228,180,180,11,0,78,78,228,6,0,180,75,0,4,182,230,0,0,0,0,0,0,0,0,0,0,0,0,0,0,0,0,0,0
	.byte 0,100,228,0,0,6,110,75,100,107,6,100,110,228,230,6,190,180,100,230,11,0,0,0,0,0,0,0,0,0,0,0,0,0,0,0,0,0,0,0
	.byte 4,78,228,0,0,11,100,70,11,14,180,228,78,0,100,110,100,70,100,70,6,0,0,0,0,0,0,0,0,0,0,0,0,0,0,0,0,0,0,0
	.byte 230,110,230,230,4,6,230,70,70,75,6,110,230,230,228,228,182,70,107,180,107,11,6,11,0,0,0,0,0,0,0,0,0,0,0,0,0,0,0,0
	.byte 14,4,100,70,230,180,14,100,70,230,75,4,100,100,230,228,180,230,190,110,70,110,180,6,0,0,0,0,0,0,0,0,0,0,0,0,0,0,0,0

// The following goes to $D800 onwards
colorb:
	.byte 0,0,4,6,6,11,6,6,6,11,0,6,6,6,6,0,6,6,0,11,4,11,0,0,0,0,0,0,0,0,0,0,0,0,0,0,0,0,0,0
	.byte 0,14,6,0,0,11,4,6,11,4,11,14,4,6,4,4,4,6,11,4,6,0,0,0,0,0,0,0,0,0,0,0,0,0,0,0,0,0,0,0
	.byte 6,6,6,0,0,11,11,11,6,4,6,6,6,0,14,4,11,11,11,11,11,0,0,0,0,0,0,0,0,0,0,0,0,0,0,0,0,0,0,0
	.byte 4,4,4,4,6,11,4,11,11,6,11,4,4,4,6,6,4,11,4,6,4,6,6,11,0,0,0,0,0,0,0,0,0,0,0,0,0,0,0,0
	.byte 4,14,14,14,4,6,4,14,14,4,6,14,14,14,4,6,14,4,4,4,14,4,6,11,0,0,0,0,0,0,0,0,0,0,0,0,0,0,0,0

