;machine=10 (c64m)
	.db 0,0,0,0,0,0,0,0
	.db 31,63,47,62,42,38,25,37
	.db 254,255,119,221,103,153,165,170
	.db 0,0,0,0,0,0,0,0
	.db 6,10,14,11,15,7,13,7
	.db 255,255,191,238,171,106,153,149
	.db 128,64,192,64,192,192,128,192
	.db 0,3,14,57,42,251,239,191
	.db 30,170,186,238,127,223,127,93
	.db 255,255,255,187,234,170,64,0
	.db 255,255,238,187,234,169,2,1
	.db 170,170,187,238,255,223,119,213
	.db 128,192,192,64,192,64,128,128
	.db 127,255,190,251,170,153,101,149
	.db 255,255,239,187,106,154,104,88
	.db 255,255,255,187,234,170,0,0
	.db 173,170,187,238,191,253,31,7
	.db 0,96,120,222,255,239,187,234
	.db 0,0,0,0,0,192,192,128
	.db 0,0,3,13,10,59,46,63
	.db 11,149,117,221,191,239,187,174
	.db 255,255,255,187,234,170,64,0
	.db 173,170,187,238,191,253,31,7
	.db 0,96,120,222,255,239,187,234
	.db 0,0,0,0,0,192,192,128
	.db 127,255,190,251,170,153,101,149
	.db 244,252,236,184,108,152,104,84
	.db 31,63,47,62,42,38,25,21
	.db 170,170,238,187,255,119,221,117
	.db 255,255,255,238,186,170,0,0
	.db 254,255,251,238,186,170,6,1
	.db 128,88,222,119,255,187,238,250
	.db 0,0,0,192,128,176,176,224
	.db 0,0,0,3,2,14,11,15
	.db 3,53,217,102,186,238,187,254
	.db 191,255,255,238,186,170,144,64
	.db 255,255,251,238,186,170,0,0
	.db 170,170,238,187,255,119,221,117
	.db 164,168,236,184,236,252,212,116
	.db 0,0,0,0,0,0,0,0

	.db 0,0,0,0,0,0,0,0
	.db 46,59,10,15,3,3,11,44
	.db 237,186,254,63,207,51,12,0
	.db 0,0,128,186,51,12,3,0
	.db 5,10,43,110,51,207,51,12
	.db 171,238,250,203,60,204,62,195
	.db 192,128,0,0,0,0,0,192
	.db 254,251,254,56,26,44,11,2
	.db 183,234,255,255,51,204,48,176
	.db 0,0,128,250,51,204,3,0
	.db 0,0,0,106,51,207,51,12
	.db 0,0,0,192,108,203,50,193
	.db 0,0,0,0,0,0,192,192
	.db 171,174,251,188,243,204,48,0
	.db 180,232,252,248,60,204,48,0
	.db 0,0,0,0,0,0,0,0
	.db 13,2,3,2,3,3,0,0
	.db 171,238,251,207,51,204,48,204
	.db 176,240,176,224,48,224,32,32
	.db 235,238,251,188,243,204,48,0
	.db 183,236,248,236,60,204,48,0
	.db 0,0,0,0,0,0,0,0
	.db 13,2,3,2,3,3,3,0
	.db 171,238,251,207,51,204,48,204
	.db 176,240,176,224,48,192,48,0
	.db 171,174,251,188,243,204,48,0
	.db 180,232,252,248,60,204,48,0
	.db 0,0,0,0,0,0,0,0
	.db 0,0,0,0,0,0,0,0
	.db 0,0,0,0,0,0,0,0
	.db 3,0,0,0,0,0,0,0
	.db 106,187,254,179,204,243,204,51
	.db 236,188,236,248,204,48,12,0
	.db 58,59,62,47,60,35,44,32
	.db 237,187,254,59,207,51,12,0
	.db 192,0,0,190,204,51,192,0
	.db 0,0,0,212,132,44,12,8
	.db 0,0,0,0,0,0,0,0
	.db 0,0,0,0,0,0,0,0
	.db 0,0,0,0,0,0,0,0

	.db 0,0,0,0,0,0,0,0
	.db 32,243,188,243,143,191,110,186
	.db 12,51,206,59,236,184,232,148
	.db 239,192,0,0,0,0,0,0
	.db 240,31,4,15,2,2,1,2
	.db 0,51,204,51,254,187,174,169
	.db 192,176,160,224,176,240,208,240
	.db 0,0,0,254,191,187,110,186
	.db 31,0,0,236,120,220,124,234
	.db 250,0,0,0,0,0,0,255
	.db 240,31,4,15,14,6,25,166
	.db 0,51,204,51,254,187,174,169
	.db 64,176,240,48,224,176,112,176
	.db 192,195,140,243,143,191,110,186
	.db 12,56,200,56,228,180,228,149
	.db 0,0,0,0,0,0,0,255
	.db 1,3,3,3,6,14,59,174
	.db 0,51,204,51,254,187,174,169
	.db 32,32,224,48,224,176,112,176
	.db 192,195,140,243,143,191,110,186
	.db 0,60,204,56,236,184,232,148
	.db 0,0,0,0,0,0,0,0
	.db 0,3,3,2,3,2,2,1
	.db 0,51,204,51,254,187,174,169
	.db 32,32,176,32,176,240,208,240
	.db 192,195,140,243,143,191,110,186
	.db 0,60,204,56,236,184,232,148
	.db 0,0,0,0,0,0,0,0
	.db 0,0,0,0,0,0,0,0
	.db 0,0,0,0,0,0,0,0
	.db 0,0,0,0,0,0,0,0
	.db 0,204,243,140,255,174,171,106
	.db 8,136,44,136,236,188,244,124
	.db 32,32,35,60,35,63,59,62
	.db 3,139,35,139,173,185,237,247
	.db 190,0,0,0,64,128,224,255
	.db 104,0,0,0,0,0,0,255
	.db 0,0,0,255,110,123,126,127
	.db 0,0,0,184,172,188,252,120
	.db 0,0,0,0,0,0,0,0

	.db 0,0,0,0,0,0,0,0
	.db 153,166,234,174,251,254,255,127
	.db 212,124,252,184,236,184,168,164
	.db 0,0,0,0,0,0,0,0
	.db 1,3,3,3,2,2,2,1
	.db 153,170,186,238,187,254,255,255
	.db 160,96,176,224,176,240,240,208
	.db 153,166,234,174,251,254,255,127
	.db 153,106,171,238,187,239,255,255
	.db 223,127,254,191,238,187,170,170
	.db 153,166,186,238,187,239,255,254
	.db 221,255,239,187,239,168,160,64
	.db 128,192,192,0,0,0,0,0
	.db 153,166,234,174,251,254,255,127
	.db 153,106,171,238,187,239,255,255
	.db 223,127,254,191,238,187,170,170
	.db 153,166,186,238,187,239,255,254
	.db 221,255,239,187,239,168,160,64
	.db 128,192,192,0,0,0,0,0
	.db 153,166,234,174,251,254,255,127
	.db 212,124,252,184,236,184,168,164
	.db 0,0,0,0,0,0,0,0
	.db 1,3,3,3,2,2,2,1
	.db 153,170,186,238,187,254,255,255
	.db 160,96,176,224,176,240,240,208
	.db 153,166,234,174,251,254,255,127
	.db 212,124,252,184,236,184,168,164
	.db 0,0,0,0,0,0,0,0
	.db 0,0,0,0,0,0,0,0
	.db 0,0,0,0,0,0,0,0
	.db 0,0,0,0,0,0,0,0
	.db 102,170,174,187,238,255,255,127
	.db 104,152,172,184,236,188,252,244
	.db 11,10,11,3,3,0,0,0
	.db 119,223,255,238,187,238,42,7
	.db 102,154,234,186,238,251,255,255
	.db 166,169,238,187,238,187,255,255
	.db 102,170,174,187,238,255,255,255
	.db 104,152,172,184,236,252,252,244
	.db 0,0,0,0,0,0,0,0

	.db 0,0,0,0,0,0,0,0
	.db 0,0,0,0,0,0,0,0
	.db 0,0,0,0,0,0,0,0
	.db 0,0,0,0,0,0,0,0
	.db 0,0,0,0,0,0,0,0
	.db 0,0,0,0,0,0,0,0
	.db 0,0,0,0,0,0,0,0
	.db 0,0,0,0,0,0,0,0
	.db 0,0,0,0,0,0,0,0
	.db 0,0,0,0,0,0,0,0
	.db 0,0,0,0,0,0,0,0
	.db 0,0,0,0,0,0,0,0
	.db 0,0,0,0,0,0,0,0
	.db 0,0,0,0,0,0,0,0
	.db 0,0,0,0,0,0,0,0
	.db 0,0,0,0,0,0,0,0
	.db 0,0,0,0,0,0,0,0
	.db 0,0,0,0,0,0,0,0
	.db 0,0,0,0,0,0,0,0
	.db 0,0,0,0,0,0,0,0
	.db 0,0,0,0,0,0,0,0
	.db 0,0,0,0,0,0,0,0
	.db 0,0,0,0,0,0,0,0
	.db 0,0,0,0,0,0,0,0
	.db 0,0,0,0,0,0,0,0
	.db 0,0,0,0,0,0,0,0
	.db 0,0,0,0,0,0,0,0
	.db 0,0,0,0,0,0,0,0
	.db 0,0,0,0,0,0,0,0
	.db 0,0,0,0,0,0,0,0
	.db 0,0,0,0,0,0,0,0
	.db 0,0,0,0,0,0,0,0
	.db 0,0,0,0,0,0,0,0
	.db 0,0,0,0,0,0,0,0
	.db 0,0,0,0,0,0,0,0
	.db 0,0,0,0,0,0,0,0
	.db 0,0,0,0,0,0,0,0
	.db 0,0,0,0,0,0,0,0
	.db 0,0,0,0,0,0,0,0
	.db 0,0,0,0,0,0,0,0

	.db 0,0,0,0,0,0,0,0
	.db 0,0,0,0,0,0,0,0
	.db 0,0,0,0,0,0,0,0
	.db 0,0,0,0,0,0,0,0
	.db 0,0,0,0,0,0,0,0
	.db 0,0,0,0,0,0,0,0
	.db 0,0,0,0,0,0,0,0
	.db 0,0,0,0,0,0,0,0
	.db 0,0,0,0,0,0,0,0
	.db 0,0,0,0,0,0,0,0
	.db 0,0,0,0,0,0,0,0
	.db 0,0,0,0,0,0,0,0
	.db 0,0,0,0,0,0,0,0
	.db 0,0,0,0,0,0,0,0
	.db 0,0,0,0,0,0,0,0
	.db 0,0,0,0,0,0,0,0
	.db 0,0,0,0,0,0,0,0
	.db 0,0,0,0,0,0,0,0
	.db 0,0,0,0,0,0,0,0
	.db 0,0,0,0,0,0,0,0
	.db 0,0,0,0,0,0,0,0
	.db 0,0,0,0,0,0,0,0
	.db 0,0,0,0,0,0,0,0
	.db 0,0,0,0,0,0,0,0
	.db 0,0,0,0,0,0,0,0
	.db 0,0,0,0,0,0,0,0
	.db 0,0,0,0,0,0,0,0
	.db 0,0,0,0,0,0,0,0
	.db 0,0,0,0,0,0,0,0
	.db 0,0,0,0,0,0,0,0
	.db 0,0,0,0,0,0,0,0
	.db 0,0,0,0,0,0,0,0
	.db 0,0,0,0,0,0,0,0
	.db 0,0,0,0,0,0,0,0
	.db 0,0,0,0,0,0,0,0
	.db 0,0,0,0,0,0,0,0
	.db 0,0,0,0,0,0,0,0
	.db 0,0,0,0,0,0,0,0
	.db 0,0,0,0,0,0,0,0
	.db 0,0,0,0,0,0,0,0

	.db 0,0,0,0,0,0,0,0
	.db 0,0,0,0,0,0,0,0
	.db 0,0,0,0,0,0,0,0
	.db 0,0,0,0,0,0,0,0
	.db 0,0,0,0,0,0,0,0
	.db 0,0,0,0,0,0,0,0
	.db 0,0,0,0,0,0,0,0
	.db 0,0,0,0,0,0,0,0
	.db 0,0,0,0,0,0,0,0
	.db 0,0,0,0,0,0,0,0
	.db 0,0,0,0,0,0,0,0
	.db 0,0,0,0,0,0,0,0
	.db 0,0,0,0,0,0,0,0
	.db 0,0,0,0,0,0,0,0
	.db 0,0,0,0,0,0,0,0
	.db 0,0,0,0,0,0,0,0
	.db 0,0,0,0,0,0,0,0
	.db 0,0,0,0,0,0,0,0
	.db 0,0,0,0,0,0,0,0
	.db 0,0,0,0,0,0,0,0
	.db 0,0,0,0,0,0,0,0
	.db 0,0,0,0,0,0,0,0
	.db 0,0,0,0,0,0,0,0
	.db 0,0,0,0,0,0,0,0
	.db 0,0,0,0,0,0,0,0
	.db 0,0,0,0,0,0,0,0
	.db 0,0,0,0,0,0,0,0
	.db 0,0,0,0,0,0,0,0
	.db 0,0,0,0,0,0,0,0
	.db 0,0,0,0,0,0,0,0
	.db 0,0,0,0,0,0,0,0
	.db 0,0,0,0,0,0,0,0
	.db 0,0,0,0,0,0,0,0
	.db 0,0,0,0,0,0,0,0
	.db 0,0,0,0,0,0,0,0
	.db 0,0,0,0,0,0,0,0
	.db 0,0,0,0,0,0,0,0
	.db 0,0,0,0,0,0,0,0
	.db 0,0,0,0,0,0,0,0
	.db 0,0,0,0,0,0,0,0

	.db 0,0,0,0,0,0,0,0
	.db 0,0,0,0,0,0,0,0
	.db 0,0,0,0,0,0,0,0
	.db 0,0,0,0,0,0,0,0
	.db 0,0,0,0,0,0,0,0
	.db 0,0,0,0,0,0,0,0
	.db 0,0,0,0,0,0,0,0
	.db 0,0,0,0,0,0,0,0
	.db 0,0,0,0,0,0,0,0
	.db 0,0,0,0,0,0,0,0
	.db 0,0,0,0,0,0,0,0
	.db 0,0,0,0,0,0,0,0
	.db 0,0,0,0,0,0,0,0
	.db 0,0,0,0,0,0,0,0
	.db 0,0,0,0,0,0,0,0
	.db 0,0,0,0,0,0,0,0
	.db 0,0,0,0,0,0,0,0
	.db 0,0,0,0,0,0,0,0
	.db 0,0,0,0,0,0,0,0
	.db 0,0,0,0,0,0,0,0
	.db 0,0,0,0,0,0,0,0
	.db 0,0,0,0,0,0,0,0
	.db 0,0,0,0,0,0,0,0
	.db 0,0,0,0,0,0,0,0
	.db 0,0,0,0,0,0,0,0
	.db 0,0,0,0,0,0,0,0
	.db 0,0,0,0,0,0,0,0
	.db 0,0,0,0,0,0,0,0
	.db 0,0,0,0,0,0,0,0
	.db 0,0,0,0,0,0,0,0
	.db 0,0,0,0,0,0,0,0
	.db 0,0,0,0,0,0,0,0
	.db 0,0,0,0,0,0,0,0
	.db 0,0,0,0,0,0,0,0
	.db 0,0,0,0,0,0,0,0
	.db 0,0,0,0,0,0,0,0
	.db 0,0,0,0,0,0,0,0
	.db 0,0,0,0,0,0,0,0
	.db 0,0,0,0,0,0,0,0
	.db 0,0,0,0,0,0,0,0

	.db 0,0,0,0,0,0,0,0
	.db 0,0,0,0,0,0,0,0
	.db 0,0,0,0,0,0,0,0
	.db 0,0,0,0,0,0,0,0
	.db 0,0,0,0,0,0,0,0
	.db 0,0,0,0,0,0,0,0
	.db 0,0,0,0,0,0,0,0
	.db 0,0,0,0,0,0,0,0
	.db 0,0,0,0,0,0,0,0
	.db 0,0,0,0,0,0,0,0
	.db 0,0,0,0,0,0,0,0
	.db 0,0,0,0,0,0,0,0
	.db 0,0,0,0,0,0,0,0
	.db 0,0,0,0,0,0,0,0
	.db 0,0,0,0,0,0,0,0
	.db 0,0,0,0,0,0,0,0
	.db 0,0,0,0,0,0,0,0
	.db 0,0,0,0,0,0,0,0
	.db 0,0,0,0,0,0,0,0
	.db 0,0,0,0,0,0,0,0
	.db 0,0,0,0,0,0,0,0
	.db 0,0,0,0,0,0,0,0
	.db 0,0,0,0,0,0,0,0
	.db 0,0,0,0,0,0,0,0
	.db 0,0,0,0,0,0,0,0
	.db 0,0,0,0,0,0,0,0
	.db 0,0,0,0,0,0,0,0
	.db 0,0,0,0,0,0,0,0
	.db 0,0,0,0,0,0,0,0
	.db 0,0,0,0,0,0,0,0
	.db 0,0,0,0,0,0,0,0
	.db 0,0,0,0,0,0,0,0
	.db 0,0,0,0,0,0,0,0
	.db 0,0,0,0,0,0,0,0
	.db 0,0,0,0,0,0,0,0
	.db 0,0,0,0,0,0,0,0
	.db 0,0,0,0,0,0,0,0
	.db 0,0,0,0,0,0,0,0
	.db 0,0,0,0,0,0,0,0
	.db 0,0,0,0,0,0,0,0

	.db 0,0,0,0,0,0,0,0
	.db 0,0,0,0,0,0,0,0
	.db 0,0,0,0,0,0,0,0
	.db 0,0,0,0,0,0,0,0
	.db 0,0,0,0,0,0,0,0
	.db 0,0,0,0,0,0,0,0
	.db 0,0,0,0,0,0,0,0
	.db 0,0,0,0,0,0,0,0
	.db 0,0,0,0,0,0,0,0
	.db 0,0,0,0,0,0,0,0
	.db 0,0,0,0,0,0,0,0
	.db 0,0,0,0,0,0,0,0
	.db 0,0,0,0,0,0,0,0
	.db 0,0,0,0,0,0,0,0
	.db 0,0,0,0,0,0,0,0
	.db 0,0,0,0,0,0,0,0
	.db 0,0,0,0,0,0,0,0
	.db 0,0,0,0,0,0,0,0
	.db 0,0,0,0,0,0,0,0
	.db 0,0,0,0,0,0,0,0
	.db 0,0,0,0,0,0,0,0
	.db 0,0,0,0,0,0,0,0
	.db 0,0,0,0,0,0,0,0
	.db 0,0,0,0,0,0,0,0
	.db 0,0,0,0,0,0,0,0
	.db 0,0,0,0,0,0,0,0
	.db 0,0,0,0,0,0,0,0
	.db 0,0,0,0,0,0,0,0
	.db 0,0,0,0,0,0,0,0
	.db 0,0,0,0,0,0,0,0
	.db 0,0,0,0,0,0,0,0
	.db 0,0,0,0,0,0,0,0
	.db 0,0,0,0,0,0,0,0
	.db 0,0,0,0,0,0,0,0
	.db 0,0,0,0,0,0,0,0
	.db 0,0,0,0,0,0,0,0
	.db 0,0,0,0,0,0,0,0
	.db 0,0,0,0,0,0,0,0
	.db 0,0,0,0,0,0,0,0
	.db 0,0,0,0,0,0,0,0

	.db 0,0,0,0,0,0,0,0
	.db 0,0,0,0,0,0,0,0
	.db 0,0,0,0,0,0,0,0
	.db 0,0,0,0,0,0,0,0
	.db 0,0,0,0,0,0,0,0
	.db 0,0,0,0,0,0,0,0
	.db 0,0,0,0,0,0,0,0
	.db 0,0,0,0,0,0,0,0
	.db 0,0,0,0,0,0,0,0
	.db 0,0,0,0,0,0,0,0
	.db 0,0,0,0,0,0,0,0
	.db 0,0,0,0,0,0,0,0
	.db 0,0,0,0,0,0,0,0
	.db 0,0,0,0,0,0,0,0
	.db 0,0,0,0,0,0,0,0
	.db 0,0,0,0,0,0,0,0
	.db 0,0,0,0,0,0,0,0
	.db 0,0,0,0,0,0,0,0
	.db 0,0,0,0,0,0,0,0
	.db 0,0,0,0,0,0,0,0
	.db 0,0,0,0,0,0,0,0
	.db 0,0,0,0,0,0,0,0
	.db 0,0,0,0,0,0,0,0
	.db 0,0,0,0,0,0,0,0
	.db 0,0,0,0,0,0,0,0
	.db 0,0,0,0,0,0,0,0
	.db 0,0,0,0,0,0,0,0
	.db 0,0,0,0,0,0,0,0
	.db 0,0,0,0,0,0,0,0
	.db 0,0,0,0,0,0,0,0
	.db 0,0,0,0,0,0,0,0
	.db 0,0,0,0,0,0,0,0
	.db 0,0,0,0,0,0,0,0
	.db 0,0,0,0,0,0,0,0
	.db 0,0,0,0,0,0,0,0
	.db 0,0,0,0,0,0,0,0
	.db 0,0,0,0,0,0,0,0
	.db 0,0,0,0,0,0,0,0
	.db 0,0,0,0,0,0,0,0
	.db 0,0,0,0,0,0,0,0

	.db 0,0,0,0,0,0,0,0
	.db 0,0,0,0,0,0,0,0
	.db 0,0,0,0,0,0,0,0
	.db 0,0,0,0,0,0,0,0
	.db 0,0,0,0,0,0,0,0
	.db 0,0,0,0,0,0,0,0
	.db 0,0,0,0,0,0,0,0
	.db 0,0,0,0,0,0,0,0
	.db 0,0,0,0,0,0,0,0
	.db 0,0,0,0,0,0,0,0
	.db 0,0,0,0,0,0,0,0
	.db 0,0,0,0,0,0,0,0
	.db 0,0,0,0,0,0,0,0
	.db 0,0,0,0,0,0,0,0
	.db 0,0,0,0,0,0,0,0
	.db 0,0,0,0,0,0,0,0
	.db 0,0,0,0,0,0,0,0
	.db 0,0,0,0,0,0,0,0
	.db 0,0,0,0,0,0,0,0
	.db 0,0,0,0,0,0,0,0
	.db 0,0,0,0,0,0,0,0
	.db 0,0,0,0,0,0,0,0
	.db 0,0,0,0,0,0,0,0
	.db 0,0,0,0,0,0,0,0
	.db 0,0,0,0,0,0,0,0
	.db 0,0,0,0,0,0,0,0
	.db 0,0,0,0,0,0,0,0
	.db 0,0,0,0,0,0,0,0
	.db 0,0,0,0,0,0,0,0
	.db 0,0,0,0,0,0,0,0
	.db 0,0,0,0,0,0,0,0
	.db 0,0,0,0,0,0,0,0
	.db 0,0,0,0,0,0,0,0
	.db 0,0,0,0,0,0,0,0
	.db 0,0,0,0,0,0,0,0
	.db 0,0,0,0,0,0,0,0
	.db 0,0,0,0,0,0,0,0
	.db 0,0,0,0,0,0,0,0
	.db 0,0,0,0,0,0,0,0
	.db 0,0,0,0,0,0,0,0

	.db 0,0,0,0,0,0,0,0
	.db 0,0,0,0,0,0,0,0
	.db 0,0,0,0,0,0,0,0
	.db 0,0,0,0,0,0,0,0
	.db 0,0,0,0,0,0,0,0
	.db 0,0,0,0,0,0,0,0
	.db 0,0,0,0,0,0,0,0
	.db 0,0,0,0,0,0,0,0
	.db 0,0,0,0,0,0,0,0
	.db 0,0,0,0,0,0,0,0
	.db 0,0,0,0,0,0,0,0
	.db 0,0,0,0,0,0,0,0
	.db 0,0,0,0,0,0,0,0
	.db 0,0,0,0,0,0,0,0
	.db 0,0,0,0,0,0,0,0
	.db 0,0,0,0,0,0,0,0
	.db 0,0,0,0,0,0,0,0
	.db 0,0,0,0,0,0,0,0
	.db 0,0,0,0,0,0,0,0
	.db 0,0,0,0,0,0,0,0
	.db 0,0,0,0,0,0,0,0
	.db 0,0,0,0,0,0,0,0
	.db 0,0,0,0,0,0,0,0
	.db 0,0,0,0,0,0,0,0
	.db 0,0,0,0,0,0,0,0
	.db 0,0,0,0,0,0,0,0
	.db 0,0,0,0,0,0,0,0
	.db 0,0,0,0,0,0,0,0
	.db 0,0,0,0,0,0,0,0
	.db 0,0,0,0,0,0,0,0
	.db 0,0,0,0,0,0,0,0
	.db 0,0,0,0,0,0,0,0
	.db 0,0,0,0,0,0,0,0
	.db 0,0,0,0,0,0,0,0
	.db 0,0,0,0,0,0,0,0
	.db 0,0,0,0,0,0,0,0
	.db 0,0,0,0,0,0,0,0
	.db 0,0,0,0,0,0,0,0
	.db 0,0,0,0,0,0,0,0
	.db 0,0,0,0,0,0,0,0

	.db 0,0,0,0,0,0,0,0
	.db 0,0,0,0,0,0,0,0
	.db 0,0,0,0,0,0,0,0
	.db 0,0,0,0,0,0,0,0
	.db 0,0,0,0,0,0,0,0
	.db 0,0,0,0,0,0,0,0
	.db 0,0,0,0,0,0,0,0
	.db 0,0,0,0,0,0,0,0
	.db 0,0,0,0,0,0,0,0
	.db 0,0,0,0,0,0,0,0
	.db 0,0,0,0,0,0,0,0
	.db 0,0,0,0,0,0,0,0
	.db 0,0,0,0,0,0,0,0
	.db 0,0,0,0,0,0,0,0
	.db 0,0,0,0,0,0,0,0
	.db 0,0,0,0,0,0,0,0
	.db 0,0,0,0,0,0,0,0
	.db 0,0,0,0,0,0,0,0
	.db 0,0,0,0,0,0,0,0
	.db 0,0,0,0,0,0,0,0
	.db 0,0,0,0,0,0,0,0
	.db 0,0,0,0,0,0,0,0
	.db 0,0,0,0,0,0,0,0
	.db 0,0,0,0,0,0,0,0
	.db 0,0,0,0,0,0,0,0
	.db 0,0,0,0,0,0,0,0
	.db 0,0,0,0,0,0,0,0
	.db 0,0,0,0,0,0,0,0
	.db 0,0,0,0,0,0,0,0
	.db 0,0,0,0,0,0,0,0
	.db 0,0,0,0,0,0,0,0
	.db 0,0,0,0,0,0,0,0
	.db 0,0,0,0,0,0,0,0
	.db 0,0,0,0,0,0,0,0
	.db 0,0,0,0,0,0,0,0
	.db 0,0,0,0,0,0,0,0
	.db 0,0,0,0,0,0,0,0
	.db 0,0,0,0,0,0,0,0
	.db 0,0,0,0,0,0,0,0
	.db 0,0,0,0,0,0,0,0

	.db 0,0,0,0,0,0,0,0
	.db 0,0,0,0,0,0,0,0
	.db 0,0,0,0,0,0,0,0
	.db 0,0,0,0,0,0,0,0
	.db 0,0,0,0,0,0,0,0
	.db 0,0,0,0,0,0,0,0
	.db 0,0,0,0,0,0,0,0
	.db 0,0,0,0,0,0,0,0
	.db 0,0,0,0,0,0,0,0
	.db 0,0,0,0,0,0,0,0
	.db 0,0,0,0,0,0,0,0
	.db 0,0,0,0,0,0,0,0
	.db 0,0,0,0,0,0,0,0
	.db 0,0,0,0,0,0,0,0
	.db 0,0,0,0,0,0,0,0
	.db 0,0,0,0,0,0,0,0
	.db 0,0,0,0,0,0,0,0
	.db 0,0,0,0,0,0,0,0
	.db 0,0,0,0,0,0,0,0
	.db 0,0,0,0,0,0,0,0
	.db 0,0,0,0,0,0,0,0
	.db 0,0,0,0,0,0,0,0
	.db 0,0,0,0,0,0,0,0
	.db 0,0,0,0,0,0,0,0
	.db 0,0,0,0,0,0,0,0
	.db 0,0,0,0,0,0,0,0
	.db 0,0,0,0,0,0,0,0
	.db 0,0,0,0,0,0,0,0
	.db 0,0,0,0,0,0,0,0
	.db 0,0,0,0,0,0,0,0
	.db 0,0,0,0,0,0,0,0
	.db 0,0,0,0,0,0,0,0
	.db 0,0,0,0,0,0,0,0
	.db 0,0,0,0,0,0,0,0
	.db 0,0,0,0,0,0,0,0
	.db 0,0,0,0,0,0,0,0
	.db 0,0,0,0,0,0,0,0
	.db 0,0,0,0,0,0,0,0
	.db 0,0,0,0,0,0,0,0
	.db 0,0,0,0,0,0,0,0

	.db 0,0,0,0,0,0,0,0
	.db 0,0,0,0,0,0,0,0
	.db 0,0,0,0,0,0,0,0
	.db 0,0,0,0,0,0,0,0
	.db 0,0,0,0,0,0,0,0
	.db 0,0,0,0,0,0,0,0
	.db 0,0,0,0,0,0,0,0
	.db 0,0,0,0,0,0,0,0
	.db 0,0,0,0,0,0,0,0
	.db 0,0,0,0,0,0,0,0
	.db 0,0,0,0,0,0,0,0
	.db 0,0,0,0,0,0,0,0
	.db 0,0,0,0,0,0,0,0
	.db 0,0,0,0,0,0,0,0
	.db 0,0,0,0,0,0,0,0
	.db 0,0,0,0,0,0,0,0
	.db 0,0,0,0,0,0,0,0
	.db 0,0,0,0,0,0,0,0
	.db 0,0,0,0,0,0,0,0
	.db 0,0,0,0,0,0,0,0
	.db 0,0,0,0,0,0,0,0
	.db 0,0,0,0,0,0,0,0
	.db 0,0,0,0,0,0,0,0
	.db 0,0,0,0,0,0,0,0
	.db 0,0,0,0,0,0,0,0
	.db 0,0,0,0,0,0,0,0
	.db 0,0,0,0,0,0,0,0
	.db 0,0,0,0,0,0,0,0
	.db 0,0,0,0,0,0,0,0
	.db 0,0,0,0,0,0,0,0
	.db 0,0,0,0,0,0,0,0
	.db 0,0,0,0,0,0,0,0
	.db 0,0,0,0,0,0,0,0
	.db 0,0,0,0,0,0,0,0
	.db 0,0,0,0,0,0,0,0
	.db 0,0,0,0,0,0,0,0
	.db 0,0,0,0,0,0,0,0
	.db 0,0,0,0,0,0,0,0
	.db 0,0,0,0,0,0,0,0
	.db 0,0,0,0,0,0,0,0

	.db 0,0,0,0,0,0,0,0
	.db 0,0,0,0,0,0,0,0
	.db 0,0,0,0,0,0,0,0
	.db 0,0,0,0,0,0,0,0
	.db 0,0,0,0,0,0,0,0
	.db 0,0,0,0,0,0,0,0
	.db 0,0,0,0,0,0,0,0
	.db 0,0,0,0,0,0,0,0
	.db 0,0,0,0,0,0,0,0
	.db 0,0,0,0,0,0,0,0
	.db 0,0,0,0,0,0,0,0
	.db 0,0,0,0,0,0,0,0
	.db 0,0,0,0,0,0,0,0
	.db 0,0,0,0,0,0,0,0
	.db 0,0,0,0,0,0,0,0
	.db 0,0,0,0,0,0,0,0
	.db 0,0,0,0,0,0,0,0
	.db 0,0,0,0,0,0,0,0
	.db 0,0,0,0,0,0,0,0
	.db 0,0,0,0,0,0,0,0
	.db 0,0,0,0,0,0,0,0
	.db 0,0,0,0,0,0,0,0
	.db 0,0,0,0,0,0,0,0
	.db 0,0,0,0,0,0,0,0
	.db 0,0,0,0,0,0,0,0
	.db 0,0,0,0,0,0,0,0
	.db 0,0,0,0,0,0,0,0
	.db 0,0,0,0,0,0,0,0
	.db 0,0,0,0,0,0,0,0
	.db 0,0,0,0,0,0,0,0
	.db 0,0,0,0,0,0,0,0
	.db 0,0,0,0,0,0,0,0
	.db 0,0,0,0,0,0,0,0
	.db 0,0,0,0,0,0,0,0
	.db 0,0,0,0,0,0,0,0
	.db 0,0,0,0,0,0,0,0
	.db 0,0,0,0,0,0,0,0
	.db 0,0,0,0,0,0,0,0
	.db 0,0,0,0,0,0,0,0
	.db 0,0,0,0,0,0,0,0

	.db 0,0,0,0,0,0,0,0
	.db 0,0,0,0,0,0,0,0
	.db 0,0,0,0,0,0,0,0
	.db 0,0,0,0,0,0,0,0
	.db 0,0,0,0,0,0,0,0
	.db 0,0,0,0,0,0,0,0
	.db 0,0,0,0,0,0,0,0
	.db 0,0,0,0,0,0,0,0
	.db 0,0,0,0,0,0,0,0
	.db 0,0,0,0,0,0,0,0
	.db 0,0,0,0,0,0,0,0
	.db 0,0,0,0,0,0,0,0
	.db 0,0,0,0,0,0,0,0
	.db 0,0,0,0,0,0,0,0
	.db 0,0,0,0,0,0,0,0
	.db 0,0,0,0,0,0,0,0
	.db 0,0,0,0,0,0,0,0
	.db 0,0,0,0,0,0,0,0
	.db 0,0,0,0,0,0,0,0
	.db 0,0,0,0,0,0,0,0
	.db 0,0,0,0,0,0,0,0
	.db 0,0,0,0,0,0,0,0
	.db 0,0,0,0,0,0,0,0
	.db 0,0,0,0,0,0,0,0
	.db 0,0,0,0,0,0,0,0
	.db 0,0,0,0,0,0,0,0
	.db 0,0,0,0,0,0,0,0
	.db 0,0,0,0,0,0,0,0
	.db 0,0,0,0,0,0,0,0
	.db 0,0,0,0,0,0,0,0
	.db 0,0,0,0,0,0,0,0
	.db 0,0,0,0,0,0,0,0
	.db 0,0,0,0,0,0,0,0
	.db 0,0,0,0,0,0,0,0
	.db 0,0,0,0,0,0,0,0
	.db 0,0,0,0,0,0,0,0
	.db 0,0,0,0,0,0,0,0
	.db 0,0,0,0,0,0,0,0
	.db 0,0,0,0,0,0,0,0
	.db 0,0,0,0,0,0,0,0

	.db 0,0,0,0,0,0,0,0
	.db 0,0,0,0,0,0,0,0
	.db 0,0,0,0,0,0,0,0
	.db 0,0,0,0,0,0,0,0
	.db 0,0,0,0,0,0,0,0
	.db 0,0,0,0,0,0,0,0
	.db 0,0,0,0,0,0,0,0
	.db 0,0,0,0,0,0,0,0
	.db 0,0,0,0,0,0,0,0
	.db 0,0,0,0,0,0,0,0
	.db 0,0,0,0,0,0,0,0
	.db 0,0,0,0,0,0,0,0
	.db 0,0,0,0,0,0,0,0
	.db 0,0,0,0,0,0,0,0
	.db 0,0,0,0,0,0,0,0
	.db 0,0,0,0,0,0,0,0
	.db 0,0,0,0,0,0,0,0
	.db 0,0,0,0,0,0,0,0
	.db 0,0,0,0,0,0,0,0
	.db 0,0,0,0,0,0,0,0
	.db 0,0,0,0,0,0,0,0
	.db 0,0,0,0,0,0,0,0
	.db 0,0,0,0,0,0,0,0
	.db 0,0,0,0,0,0,0,0
	.db 0,0,0,0,0,0,0,0
	.db 0,0,0,0,0,0,0,0
	.db 0,0,0,0,0,0,0,0
	.db 0,0,0,0,0,0,0,0
	.db 0,0,0,0,0,0,0,0
	.db 0,0,0,0,0,0,0,0
	.db 0,0,0,0,0,0,0,0
	.db 0,0,0,0,0,0,0,0
	.db 0,0,0,0,0,0,0,0
	.db 0,0,0,0,0,0,0,0
	.db 0,0,0,0,0,0,0,0
	.db 0,0,0,0,0,0,0,0
	.db 0,0,0,0,0,0,0,0
	.db 0,0,0,0,0,0,0,0
	.db 0,0,0,0,0,0,0,0
	.db 0,0,0,0,0,0,0,0

	.db 0,0,0,0,0,0,0,0
	.db 0,0,0,0,0,0,0,0
	.db 0,0,0,0,0,0,0,0
	.db 0,0,0,0,0,0,0,0
	.db 0,0,0,0,0,0,0,0
	.db 0,0,0,0,0,0,0,0
	.db 0,0,0,0,0,0,0,0
	.db 0,0,0,0,0,0,0,0
	.db 0,0,0,0,0,0,0,0
	.db 0,0,0,0,0,0,0,0
	.db 0,0,0,0,0,0,0,0
	.db 0,0,0,0,0,0,0,0
	.db 0,0,0,0,0,0,0,0
	.db 0,0,0,0,0,0,0,0
	.db 0,0,0,0,0,0,0,0
	.db 0,0,0,0,0,0,0,0
	.db 0,0,0,0,0,0,0,0
	.db 0,0,0,0,0,0,0,0
	.db 0,0,0,0,0,0,0,0
	.db 0,0,0,0,0,0,0,0
	.db 0,0,0,0,0,0,0,0
	.db 0,0,0,0,0,0,0,0
	.db 0,0,0,0,0,0,0,0
	.db 0,0,0,0,0,0,0,0
	.db 0,0,0,0,0,0,0,0
	.db 0,0,0,0,0,0,0,0
	.db 0,0,0,0,0,0,0,0
	.db 0,0,0,0,0,0,0,0
	.db 0,0,0,0,0,0,0,0
	.db 0,0,0,0,0,0,0,0
	.db 0,0,0,0,0,0,0,0
	.db 0,0,0,0,0,0,0,0
	.db 0,0,0,0,0,0,0,0
	.db 0,0,0,0,0,0,0,0
	.db 0,0,0,0,0,0,0,0
	.db 0,0,0,0,0,0,0,0
	.db 0,0,0,0,0,0,0,0
	.db 0,0,0,0,0,0,0,0
	.db 0,0,0,0,0,0,0,0
	.db 0,0,0,0,0,0,0,0

	.db 0,0,0,0,0,0,0,0
	.db 0,0,0,0,0,0,0,0
	.db 0,0,0,0,0,0,0,0
	.db 0,0,0,0,0,0,0,0
	.db 0,0,0,0,0,0,0,0
	.db 0,0,0,0,0,0,0,0
	.db 0,0,0,0,0,0,0,0
	.db 0,0,0,0,0,0,0,0
	.db 0,0,0,0,0,0,0,0
	.db 0,0,0,0,0,0,0,0
	.db 0,0,0,0,0,0,0,0
	.db 0,0,0,0,0,0,0,0
	.db 0,0,0,0,0,0,0,0
	.db 0,0,0,0,0,0,0,0
	.db 0,0,0,0,0,0,0,0
	.db 0,0,0,0,0,0,0,0
	.db 0,0,0,0,0,0,0,0
	.db 0,0,0,0,0,0,0,0
	.db 0,0,0,0,0,0,0,0
	.db 0,0,0,0,0,0,0,0
	.db 0,0,0,0,0,0,0,0
	.db 0,0,0,0,0,0,0,0
	.db 0,0,0,0,0,0,0,0
	.db 0,0,0,0,0,0,0,0
	.db 0,0,0,0,0,0,0,0
	.db 0,0,0,0,0,0,0,0
	.db 0,0,0,0,0,0,0,0
	.db 0,0,0,0,0,0,0,0
	.db 0,0,0,0,0,0,0,0
	.db 0,0,0,0,0,0,0,0
	.db 0,0,0,0,0,0,0,0
	.db 0,0,0,0,0,0,0,0
	.db 0,0,0,0,0,0,0,0
	.db 0,0,0,0,0,0,0,0
	.db 0,0,0,0,0,0,0,0
	.db 0,0,0,0,0,0,0,0
	.db 0,0,0,0,0,0,0,0
	.db 0,0,0,0,0,0,0,0
	.db 0,0,0,0,0,0,0,0
	.db 0,0,0,0,0,0,0,0

	.db 0,0,0,0,0,0,0,0
	.db 0,0,0,0,0,0,0,0
	.db 0,0,0,0,0,0,0,0
	.db 0,0,0,0,0,0,0,0
	.db 0,0,0,0,0,0,0,0
	.db 0,0,0,0,0,0,0,0
	.db 0,0,0,0,0,0,0,0
	.db 0,0,0,0,0,0,0,0
	.db 0,0,0,0,0,0,0,0
	.db 0,0,0,0,0,0,0,0
	.db 0,0,0,0,0,0,0,0
	.db 0,0,0,0,0,0,0,0
	.db 0,0,0,0,0,0,0,0
	.db 0,0,0,0,0,0,0,0
	.db 0,0,0,0,0,0,0,0
	.db 0,0,0,0,0,0,0,0
	.db 0,0,0,0,0,0,0,0
	.db 0,0,0,0,0,0,0,0
	.db 0,0,0,0,0,0,0,0
	.db 0,0,0,0,0,0,0,0
	.db 0,0,0,0,0,0,0,0
	.db 0,0,0,0,0,0,0,0
	.db 0,0,0,0,0,0,0,0
	.db 0,0,0,0,0,0,0,0
	.db 0,0,0,0,0,0,0,0
	.db 0,0,0,0,0,0,0,0
	.db 0,0,0,0,0,0,0,0
	.db 0,0,0,0,0,0,0,0
	.db 0,0,0,0,0,0,0,0
	.db 0,0,0,0,0,0,0,0
	.db 0,0,0,0,0,0,0,0
	.db 0,0,0,0,0,0,0,0
	.db 0,0,0,0,0,0,0,0
	.db 0,0,0,0,0,0,0,0
	.db 0,0,0,0,0,0,0,0
	.db 0,0,0,0,0,0,0,0
	.db 0,0,0,0,0,0,0,0
	.db 0,0,0,0,0,0,0,0
	.db 0,0,0,0,0,0,0,0
	.db 0,0,0,0,0,0,0,0

	.db 0,0,0,0,0,0,0,0
	.db 0,0,0,0,0,0,0,0
	.db 0,0,0,0,0,0,0,0
	.db 0,0,0,0,0,0,0,0
	.db 0,0,0,0,0,0,0,0
	.db 0,0,0,0,0,0,0,0
	.db 0,0,0,0,0,0,0,0
	.db 0,0,0,0,0,0,0,0
	.db 0,0,0,0,0,0,0,0
	.db 0,0,0,0,0,0,0,0
	.db 0,0,0,0,0,0,0,0
	.db 0,0,0,0,0,0,0,0
	.db 0,0,0,0,0,0,0,0
	.db 0,0,0,0,0,0,0,0
	.db 0,0,0,0,0,0,0,0
	.db 0,0,0,0,0,0,0,0
	.db 0,0,0,0,0,0,0,0
	.db 0,0,0,0,0,0,0,0
	.db 0,0,0,0,0,0,0,0
	.db 0,0,0,0,0,0,0,0
	.db 0,0,0,0,0,0,0,0
	.db 0,0,0,0,0,0,0,0
	.db 0,0,0,0,0,0,0,0
	.db 0,0,0,0,0,0,0,0
	.db 0,0,0,0,0,0,0,0
	.db 0,0,0,0,0,0,0,0
	.db 0,0,0,0,0,0,0,0
	.db 0,0,0,0,0,0,0,0
	.db 0,0,0,0,0,0,0,0
	.db 0,0,0,0,0,0,0,0
	.db 0,0,0,0,0,0,0,0
	.db 0,0,0,0,0,0,0,0
	.db 0,0,0,0,0,0,0,0
	.db 0,0,0,0,0,0,0,0
	.db 0,0,0,0,0,0,0,0
	.db 0,0,0,0,0,0,0,0
	.db 0,0,0,0,0,0,0,0
	.db 0,0,0,0,0,0,0,0
	.db 0,0,0,0,0,0,0,0
	.db 0,0,0,0,0,0,0,0

	.db 0,0,0,0,0,0,0,0
	.db 0,0,0,0,0,0,0,0
	.db 0,0,0,0,0,0,0,0
	.db 0,0,0,0,0,0,0,0
	.db 0,0,0,0,0,0,0,0
	.db 0,0,0,0,0,0,0,0
	.db 0,0,0,0,0,0,0,0
	.db 0,0,0,0,0,0,0,0
	.db 0,0,0,0,0,0,0,0
	.db 0,0,0,0,0,0,0,0
	.db 0,0,0,0,0,0,0,0
	.db 0,0,0,0,0,0,0,0
	.db 0,0,0,0,0,0,0,0
	.db 0,0,0,0,0,0,0,0
	.db 0,0,0,0,0,0,0,0
	.db 0,0,0,0,0,0,0,0
	.db 0,0,0,0,0,0,0,0
	.db 0,0,0,0,0,0,0,0
	.db 0,0,0,0,0,0,0,0
	.db 0,0,0,0,0,0,0,0
	.db 0,0,0,0,0,0,0,0
	.db 0,0,0,0,0,0,0,0
	.db 0,0,0,0,0,0,0,0
	.db 0,0,0,0,0,0,0,0
	.db 0,0,0,0,0,0,0,0
	.db 0,0,0,0,0,0,0,0
	.db 0,0,0,0,0,0,0,0
	.db 0,0,0,0,0,0,0,0
	.db 0,0,0,0,0,0,0,0
	.db 0,0,0,0,0,0,0,0
	.db 0,0,0,0,0,0,0,0
	.db 0,0,0,0,0,0,0,0
	.db 0,0,0,0,0,0,0,0
	.db 0,0,0,0,0,0,0,0
	.db 0,0,0,0,0,0,0,0
	.db 0,0,0,0,0,0,0,0
	.db 0,0,0,0,0,0,0,0
	.db 0,0,0,0,0,0,0,0
	.db 0,0,0,0,0,0,0,0
	.db 0,0,0,0,0,0,0,0

	.db 0,0,0,0,0,0,0,0
	.db 0,0,0,0,0,0,0,0
	.db 0,0,0,0,0,0,0,0
	.db 0,0,0,0,0,0,0,0
	.db 0,0,0,0,0,0,0,0
	.db 0,0,0,0,0,0,0,0
	.db 0,0,0,0,0,0,0,0
	.db 0,0,0,0,0,0,0,0
	.db 0,0,0,0,0,0,0,0
	.db 0,0,0,0,0,0,0,0
	.db 0,0,0,0,0,0,0,0
	.db 0,0,0,0,0,0,0,0
	.db 0,0,0,0,0,0,0,0
	.db 0,0,0,0,0,0,0,0
	.db 0,0,0,0,0,0,0,0
	.db 0,0,0,0,0,0,0,0
	.db 0,0,0,0,0,0,0,0
	.db 0,0,0,0,0,0,0,0
	.db 0,0,0,0,0,0,0,0
	.db 0,0,0,0,0,0,0,0
	.db 0,0,0,0,0,0,0,0
	.db 0,0,0,0,0,0,0,0
	.db 0,0,0,0,0,0,0,0
	.db 0,0,0,0,0,0,0,0
	.db 0,0,0,0,0,0,0,0
	.db 0,0,0,0,0,0,0,0
	.db 0,0,0,0,0,0,0,0
	.db 0,0,0,0,0,0,0,0
	.db 0,0,0,0,0,0,0,0
	.db 0,0,0,0,0,0,0,0
	.db 0,0,0,0,0,0,0,0
	.db 0,0,0,0,0,0,0,0
	.db 0,0,0,0,0,0,0,0
	.db 0,0,0,0,0,0,0,0
	.db 0,0,0,0,0,0,0,0
	.db 0,0,0,0,0,0,0,0
	.db 0,0,0,0,0,0,0,0
	.db 0,0,0,0,0,0,0,0
	.db 0,0,0,0,0,0,0,0
	.db 0,0,0,0,0,0,0,0


; The following two first values are border and background
colora:
  .byte 6,0
	.db 0,78,228,0,67,78,52,62,67,78,78,67,228,78,78,14,67,52,14,62,52,78,67,52,14,78,78,78,67,14,78,52,14,14,62,78,14,67,67,0
	.db 0,4,228,4,228,4,6,230,228,4,228,78,6,4,228,0,228,4,4,4,228,0,228,4,4,4,228,0,0,0,6,228,4,4,228,4,230,0,0,0
	.db 0,62,62,3,227,62,54,62,99,14,227,62,62,62,62,3,99,62,62,62,62,0,62,62,54,62,62,0,0,0,0,62,54,14,54,110,230,54,54,0
	.db 0,227,237,0,237,227,227,227,227,237,227,237,3,227,227,237,227,237,3,227,237,0,237,227,227,227,237,0,0,0,0,227,227,14,237,227,227,227,227,0
	.db 0,0,0,0,0,0,0,0,0,0,0,0,0,0,0,0,0,0,0,0,0,0,0,0,0,0,0,0,0,0,0,0,0,0,0,0,0,0,0,0
	.db 0,0,0,0,0,0,0,0,0,0,0,0,0,0,0,0,0,0,0,0,0,0,0,0,0,0,0,0,0,0,0,0,0,0,0,0,0,0,0,0
	.db 0,0,0,0,0,0,0,0,0,0,0,0,0,0,0,0,0,0,0,0,0,0,0,0,0,0,0,0,0,0,0,0,0,0,0,0,0,0,0,0
	.db 0,0,0,0,0,0,0,0,0,0,0,0,0,0,0,0,0,0,0,0,0,0,0,0,0,0,0,0,0,0,0,0,0,0,0,0,0,0,0,0
	.db 0,0,0,0,0,0,0,0,0,0,0,0,0,0,0,0,0,0,0,0,0,0,0,0,0,0,0,0,0,0,0,0,0,0,0,0,0,0,0,0
	.db 0,0,0,0,0,0,0,0,0,0,0,0,0,0,0,0,0,0,0,0,0,0,0,0,0,0,0,0,0,0,0,0,0,0,0,0,0,0,0,0
	.db 0,0,0,0,0,0,0,0,0,0,0,0,0,0,0,0,0,0,0,0,0,0,0,0,0,0,0,0,0,0,0,0,0,0,0,0,0,0,0,0
	.db 0,0,0,0,0,0,0,0,0,0,0,0,0,0,0,0,0,0,0,0,0,0,0,0,0,0,0,0,0,0,0,0,0,0,0,0,0,0,0,0
	.db 0,0,0,0,0,0,0,0,0,0,0,0,0,0,0,0,0,0,0,0,0,0,0,0,0,0,0,0,0,0,0,0,0,0,0,0,0,0,0,0
	.db 0,0,0,0,0,0,0,0,0,0,0,0,0,0,0,0,0,0,0,0,0,0,0,0,0,0,0,0,0,0,0,0,0,0,0,0,0,0,0,0
	.db 0,0,0,0,0,0,0,0,0,0,0,0,0,0,0,0,0,0,0,0,0,0,0,0,0,0,0,0,0,0,0,0,0,0,0,0,0,0,0,0
	.db 0,0,0,0,0,0,0,0,0,0,0,0,0,0,0,0,0,0,0,0,0,0,0,0,0,0,0,0,0,0,0,0,0,0,0,0,0,0,0,0
	.db 0,0,0,0,0,0,0,0,0,0,0,0,0,0,0,0,0,0,0,0,0,0,0,0,0,0,0,0,0,0,0,0,0,0,0,0,0,0,0,0
	.db 0,0,0,0,0,0,0,0,0,0,0,0,0,0,0,0,0,0,0,0,0,0,0,0,0,0,0,0,0,0,0,0,0,0,0,0,0,0,0,0
	.db 0,0,0,0,0,0,0,0,0,0,0,0,0,0,0,0,0,0,0,0,0,0,0,0,0,0,0,0,0,0,0,0,0,0,0,0,0,0,0,0
	.db 0,0,0,0,0,0,0,0,0,0,0,0,0,0,0,0,0,0,0,0,0,0,0,0,0,0,0,0,0,0,0,0,0,0,0,0,0,0,0,0
	.db 0,0,0,0,0,0,0,0,0,0,0,0,0,0,0,0,0,0,0,0,0,0,0,0,0,0,0,0,0,0,0,0,0,0,0,0,0,0,0,0
	.db 0,0,0,0,0,0,0,0,0,0,0,0,0,0,0,0,0,0,0,0,0,0,0,0,0,0,0,0,0,0,0,0,0,0,0,0,0,0,0,0
	.db 0,0,0,0,0,0,0,0,0,0,0,0,0,0,0,0,0,0,0,0,0,0,0,0,0,0,0,0,0,0,0,0,0,0,0,0,0,0,0,0
	.db 0,0,0,0,0,0,0,0,0,0,0,0,0,0,0,0,0,0,0,0,0,0,0,0,0,0,0,0,0,0,0,0,0,0,0,0,0,0,0,0
	.db 0,0,0,0,0,0,0,0,0,0,0,0,0,0,0,0,0,0,0,0,0,0,0,0,0,0,0,0,0,0,0,0,0,0,0,0,0,0,0,0

; The following goes to $D800 onwards
colorb:
	.db 0,3,3,0,14,3,14,4,14,3,3,14,3,3,3,3,14,14,4,4,14,3,14,14,4,3,3,3,14,3,3,14,4,4,4,3,3,14,14,0
	.db 0,6,6,6,6,6,4,4,6,6,6,6,6,6,6,0,6,6,6,6,6,0,6,6,6,6,6,0,0,0,6,6,6,6,6,6,4,0,0,0
	.db 0,6,6,14,6,6,14,6,14,3,6,6,6,6,6,3,14,6,6,6,6,0,6,6,14,6,6,0,0,0,0,6,14,6,14,3,3,14,14,0
	.db 0,13,3,0,3,13,13,13,13,3,13,3,14,13,13,3,13,3,14,13,3,0,3,13,13,13,3,0,0,0,0,13,13,3,3,13,13,13,13,0
	.db 0,0,0,0,0,0,0,0,0,0,0,0,0,0,0,0,0,0,0,0,0,0,0,0,0,0,0,0,0,0,0,0,0,0,0,0,0,0,0,0
	.db 0,0,0,0,0,0,0,0,0,0,0,0,0,0,0,0,0,0,0,0,0,0,0,0,0,0,0,0,0,0,0,0,0,0,0,0,0,0,0,0
	.db 0,0,0,0,0,0,0,0,0,0,0,0,0,0,0,0,0,0,0,0,0,0,0,0,0,0,0,0,0,0,0,0,0,0,0,0,0,0,0,0
	.db 0,0,0,0,0,0,0,0,0,0,0,0,0,0,0,0,0,0,0,0,0,0,0,0,0,0,0,0,0,0,0,0,0,0,0,0,0,0,0,0
	.db 0,0,0,0,0,0,0,0,0,0,0,0,0,0,0,0,0,0,0,0,0,0,0,0,0,0,0,0,0,0,0,0,0,0,0,0,0,0,0,0
	.db 0,0,0,0,0,0,0,0,0,0,0,0,0,0,0,0,0,0,0,0,0,0,0,0,0,0,0,0,0,0,0,0,0,0,0,0,0,0,0,0
	.db 0,0,0,0,0,0,0,0,0,0,0,0,0,0,0,0,0,0,0,0,0,0,0,0,0,0,0,0,0,0,0,0,0,0,0,0,0,0,0,0
	.db 0,0,0,0,0,0,0,0,0,0,0,0,0,0,0,0,0,0,0,0,0,0,0,0,0,0,0,0,0,0,0,0,0,0,0,0,0,0,0,0
	.db 0,0,0,0,0,0,0,0,0,0,0,0,0,0,0,0,0,0,0,0,0,0,0,0,0,0,0,0,0,0,0,0,0,0,0,0,0,0,0,0
	.db 0,0,0,0,0,0,0,0,0,0,0,0,0,0,0,0,0,0,0,0,0,0,0,0,0,0,0,0,0,0,0,0,0,0,0,0,0,0,0,0
	.db 0,0,0,0,0,0,0,0,0,0,0,0,0,0,0,0,0,0,0,0,0,0,0,0,0,0,0,0,0,0,0,0,0,0,0,0,0,0,0,0
	.db 0,0,0,0,0,0,0,0,0,0,0,0,0,0,0,0,0,0,0,0,0,0,0,0,0,0,0,0,0,0,0,0,0,0,0,0,0,0,0,0
	.db 0,0,0,0,0,0,0,0,0,0,0,0,0,0,0,0,0,0,0,0,0,0,0,0,0,0,0,0,0,0,0,0,0,0,0,0,0,0,0,0
	.db 0,0,0,0,0,0,0,0,0,0,0,0,0,0,0,0,0,0,0,0,0,0,0,0,0,0,0,0,0,0,0,0,0,0,0,0,0,0,0,0
	.db 0,0,0,0,0,0,0,0,0,0,0,0,0,0,0,0,0,0,0,0,0,0,0,0,0,0,0,0,0,0,0,0,0,0,0,0,0,0,0,0
	.db 0,0,0,0,0,0,0,0,0,0,0,0,0,0,0,0,0,0,0,0,0,0,0,0,0,0,0,0,0,0,0,0,0,0,0,0,0,0,0,0
	.db 0,0,0,0,0,0,0,0,0,0,0,0,0,0,0,0,0,0,0,0,0,0,0,0,0,0,0,0,0,0,0,0,0,0,0,0,0,0,0,0
	.db 0,0,0,0,0,0,0,0,0,0,0,0,0,0,0,0,0,0,0,0,0,0,0,0,0,0,0,0,0,0,0,0,0,0,0,0,0,0,0,0
	.db 0,0,0,0,0,0,0,0,0,0,0,0,0,0,0,0,0,0,0,0,0,0,0,0,0,0,0,0,0,0,0,0,0,0,0,0,0,0,0,0
	.db 0,0,0,0,0,0,0,0,0,0,0,0,0,0,0,0,0,0,0,0,0,0,0,0,0,0,0,0,0,0,0,0,0,0,0,0,0,0,0,0
	.db 0,0,0,0,0,0,0,0,0,0,0,0,0,0,0,0,0,0,0,0,0,0,0,0,0,0,0,0,0,0,0,0,0,0,0,0,0,0,0,0

