;machine=0 (c64)

	!byte 0,0,0,0,0,0,0,0
	!byte 0,0,0,0,0,0,0,0
	!byte 0,0,0,0,0,0,0,0
	!byte 0,0,0,0,0,0,0,0
	!byte 0,0,0,0,0,0,0,0
	!byte 0,0,0,0,0,0,0,0
	!byte 0,0,0,3,12,30,56,48
	!byte 0,0,0,248,252,14,30,48
	!byte 0,0,0,0,0,0,0,127
	!byte 0,0,0,0,0,0,0,0
	!byte 0,0,0,0,0,0,0,0
	!byte 0,0,0,0,0,0,0,0
	!byte 0,0,0,0,0,0,0,0
	!byte 0,0,0,0,0,0,0,0
	!byte 0,0,0,0,0,0,0,0
	!byte 0,0,0,0,0,0,0,0
	!byte 0,0,0,0,0,0,0,0
	!byte 0,0,0,0,0,0,0,0
	!byte 0,0,0,0,0,0,0,0
	!byte 0,0,0,0,0,0,0,0
	!byte 0,0,0,0,0,0,0,0
	!byte 0,0,0,0,0,0,0,0
	!byte 0,0,0,0,0,0,0,0
	!byte 0,0,0,0,0,0,0,0
	!byte 0,0,0,0,0,0,0,0
	!byte 0,0,0,0,0,0,0,0
	!byte 0,0,0,0,0,0,0,0
	!byte 0,0,0,0,0,0,0,0
	!byte 0,0,0,0,0,0,0,0
	!byte 0,0,0,0,0,0,0,0
	!byte 0,0,0,0,0,0,0,0
	!byte 0,0,0,0,0,0,0,0
	!byte 0,0,0,0,0,0,0,0
	!byte 0,0,0,0,0,0,0,0
	!byte 0,0,0,0,0,0,0,0
	!byte 0,0,0,0,0,0,0,0
	!byte 0,0,0,0,0,0,0,0
	!byte 0,0,0,0,0,0,0,0
	!byte 0,0,0,0,0,0,0,0
	!byte 0,0,0,0,0,0,0,0

	!byte 0,0,0,0,0,0,0,0
	!byte 0,0,0,0,0,0,0,0
	!byte 0,0,0,0,0,3,7,15
	!byte 0,0,0,0,0,192,254,255
	!byte 0,0,0,0,0,0,0,128
	!byte 0,0,0,0,0,0,0,0
	!byte 112,96,224,192,193,12,63,252
	!byte 158,152,176,224,32,0,192,128
	!byte 0,0,0,0,7,12,63,127
	!byte 224,255,255,31,3,0,0,0
	!byte 0,192,224,192,248,252,126,31
	!byte 0,0,0,0,0,0,0,0
	!byte 0,0,0,0,0,0,0,0
	!byte 0,0,0,0,0,0,0,0
	!byte 0,0,0,0,0,0,0,0
	!byte 0,0,0,0,0,0,0,0
	!byte 0,0,0,0,0,0,0,0
	!byte 0,0,0,0,0,0,0,0
	!byte 0,0,0,0,0,0,0,0
	!byte 0,0,0,0,0,0,0,0
	!byte 0,0,0,0,0,0,0,0
	!byte 0,0,0,0,0,0,0,0
	!byte 0,0,0,0,0,0,0,0
	!byte 0,0,0,0,0,0,0,0
	!byte 0,0,0,0,0,0,0,0
	!byte 0,0,0,0,0,0,0,0
	!byte 0,0,0,0,0,0,0,0
	!byte 0,0,0,0,0,0,0,0
	!byte 0,0,0,0,0,0,0,0
	!byte 0,0,0,0,0,0,0,0
	!byte 0,0,0,0,0,0,0,0
	!byte 0,0,0,0,0,0,0,0
	!byte 0,0,0,0,0,0,0,0
	!byte 0,0,0,0,0,0,0,0
	!byte 0,0,0,0,0,0,0,0
	!byte 0,0,0,0,0,0,0,0
	!byte 0,0,0,0,0,0,0,0
	!byte 0,0,0,0,0,0,0,0
	!byte 0,0,0,0,0,0,0,0
	!byte 0,0,0,0,0,0,0,0

	!byte 0,0,0,0,0,0,0,0
	!byte 0,0,0,0,0,0,0,0
	!byte 28,56,48,48,112,96,96,111
	!byte 7,1,0,0,0,0,0,254
	!byte 192,224,120,60,28,14,7,3
	!byte 252,248,192,224,192,128,128,128
	!byte 248,192,192,224,192,198,135,129
	!byte 128,128,128,129,129,193,3,14
	!byte 128,0,0,0,0,0,0,0
	!byte 0,0,6,6,6,12,56,48
	!byte 12,7,3,3,49,48,24,28
	!byte 0,128,128,192,192,224,224,96
	!byte 0,0,0,0,0,0,0,0
	!byte 0,0,0,0,0,0,0,0
	!byte 0,0,0,0,0,0,0,0
	!byte 0,0,0,0,0,0,0,0
	!byte 0,0,0,0,0,0,0,0
	!byte 0,0,0,0,0,0,0,0
	!byte 0,0,0,0,0,0,0,0
	!byte 0,0,0,0,0,0,0,0
	!byte 0,0,0,0,0,0,0,0
	!byte 0,0,0,0,0,0,0,0
	!byte 0,0,0,0,0,0,0,0
	!byte 0,0,0,0,0,0,0,0
	!byte 0,0,0,0,0,0,0,0
	!byte 0,0,0,0,0,0,0,0
	!byte 0,0,0,0,0,0,0,0
	!byte 0,0,0,0,0,0,0,0
	!byte 0,0,0,0,0,0,0,0
	!byte 0,0,0,0,0,0,0,0
	!byte 0,0,0,0,0,0,0,0
	!byte 0,0,0,0,0,0,0,0
	!byte 0,0,0,0,0,0,0,0
	!byte 0,0,0,0,0,0,0,0
	!byte 0,0,0,0,0,0,0,0
	!byte 0,0,0,0,0,0,0,0
	!byte 0,0,0,0,0,0,0,0
	!byte 0,0,0,0,0,0,0,0
	!byte 0,0,0,0,0,0,0,0
	!byte 0,0,0,0,0,0,0,0

	!byte 0,0,0,0,0,0,0,0
	!byte 0,0,0,0,0,0,0,0
	!byte 96,96,96,96,96,97,99,112
	!byte 63,3,0,63,255,192,1,3
	!byte 62,30,133,1,1,1,113,243
	!byte 0,0,64,192,224,227,242,242
	!byte 0,0,96,96,96,112,192,255
	!byte 61,12,103,97,224,224,224,192
	!byte 127,63,12,3,128,192,192,248
	!byte 0,12,31,25,152,247,247,128
	!byte 192,248,97,64,192,0,0,254
	!byte 112,48,48,56,16,0,254,255
	!byte 0,0,0,0,0,0,0,7
	!byte 0,0,0,0,0,0,0,0
	!byte 0,0,0,0,0,7,31,124
	!byte 0,0,0,1,127,254,128,0
	!byte 0,0,0,224,192,0,0,0
	!byte 0,0,0,0,0,0,0,0
	!byte 0,0,0,0,0,0,0,0
	!byte 0,0,0,0,0,0,0,0
	!byte 0,0,0,0,0,0,0,0
	!byte 0,0,0,0,0,0,0,0
	!byte 0,0,0,0,0,0,0,0
	!byte 0,0,0,0,0,0,0,0
	!byte 0,0,0,0,0,0,0,0
	!byte 0,0,0,0,0,0,0,0
	!byte 0,0,0,0,0,0,0,0
	!byte 0,0,0,0,0,0,0,0
	!byte 0,0,0,0,0,0,0,0
	!byte 0,0,0,0,0,0,0,0
	!byte 0,0,0,0,0,0,0,0
	!byte 0,0,0,0,0,0,0,0
	!byte 0,0,0,0,0,0,0,0
	!byte 0,0,0,0,0,0,0,0
	!byte 0,0,0,0,0,0,0,0
	!byte 0,0,0,0,0,0,0,0
	!byte 0,0,0,0,0,0,0,0
	!byte 0,0,0,0,0,0,0,0
	!byte 0,0,0,0,0,0,0,0
	!byte 0,0,0,0,0,0,0,0

	!byte 0,0,0,0,0,0,0,0
	!byte 0,0,0,0,0,0,0,0
	!byte 56,60,28,31,7,1,0,0
	!byte 0,0,1,255,255,252,0,0
	!byte 12,44,236,236,140,14,6,6
	!byte 0,128,128,64,192,224,192,120
	!byte 8,143,135,135,135,195,193,192
	!byte 12,1,0,3,7,159,255,255
	!byte 0,128,191,7,128,192,192,241
	!byte 31,14,135,227,241,56,14,131
	!byte 255,0,0,140,184,241,123,63
	!byte 2,129,231,247,2,0,112,112
	!byte 127,255,192,0,0,0,0,0
	!byte 142,12,3,0,0,0,0,0
	!byte 192,192,192,192,56,31,12,4
	!byte 0,0,0,0,0,255,255,1
	!byte 0,0,0,0,0,128,192,254
	!byte 0,0,0,0,0,0,0,0
	!byte 0,0,0,0,0,0,0,0
	!byte 0,0,0,0,0,0,0,0
	!byte 0,0,0,0,0,0,0,0
	!byte 0,0,0,0,0,0,0,0
	!byte 0,0,0,0,0,0,0,0
	!byte 0,0,0,0,0,0,0,0
	!byte 0,0,0,0,0,0,0,0
	!byte 0,0,0,0,0,0,0,0
	!byte 0,0,0,0,0,0,0,0
	!byte 0,0,0,0,0,0,0,0
	!byte 0,0,0,0,0,0,0,0
	!byte 0,0,0,0,0,0,0,0
	!byte 0,0,0,0,0,0,0,0
	!byte 0,0,0,0,0,0,0,0
	!byte 0,0,0,0,0,0,0,0
	!byte 0,0,0,0,0,0,0,0
	!byte 0,0,0,0,0,0,0,0
	!byte 0,0,0,0,0,0,0,0
	!byte 0,0,0,0,0,0,0,0
	!byte 0,0,0,0,0,0,0,0
	!byte 0,0,0,0,0,0,0,0
	!byte 0,0,0,0,0,0,0,0

	!byte 0,0,0,0,0,0,0,0
	!byte 0,0,0,0,0,0,0,0
	!byte 0,0,0,0,0,0,0,0
	!byte 0,0,0,0,0,0,0,0
	!byte 6,3,3,3,1,0,0,0
	!byte 193,192,224,96,112,56,28,206
	!byte 224,224,113,27,12,7,7,14
	!byte 0,0,0,0,0,0,31,255
	!byte 241,225,225,225,231,128,0,63
	!byte 31,3,0,0,0,254,255,1
	!byte 224,192,224,1,1,1,129,129
	!byte 224,224,192,192,192,192,192,192
	!byte 0,0,0,0,0,0,0,0
	!byte 0,0,0,0,0,0,0,0
	!byte 6,7,3,3,3,3,3,3
	!byte 0,0,0,0,0,128,128,0
	!byte 31,1,0,0,0,0,0,0
	!byte 128,224,112,16,0,0,0,0
	!byte 0,0,0,0,0,0,0,0
	!byte 0,0,0,0,0,0,0,0
	!byte 0,0,0,0,0,0,0,0
	!byte 0,0,0,0,0,0,0,0
	!byte 0,0,0,0,0,0,0,0
	!byte 0,0,0,0,0,0,0,0
	!byte 0,0,0,0,0,0,0,0
	!byte 0,0,0,0,0,0,0,0
	!byte 0,0,0,0,0,0,0,0
	!byte 0,0,0,0,0,0,0,0
	!byte 0,0,0,0,0,0,0,0
	!byte 0,0,0,0,0,0,0,0
	!byte 0,0,0,0,0,0,0,0
	!byte 0,0,0,0,0,0,0,0
	!byte 0,0,0,0,0,0,0,0
	!byte 0,0,0,0,0,0,0,0
	!byte 0,0,0,0,0,0,0,0
	!byte 0,0,0,0,0,0,0,0
	!byte 0,0,0,0,0,0,0,0
	!byte 0,0,0,0,0,0,0,0
	!byte 0,0,0,0,0,0,0,0
	!byte 0,0,0,0,0,0,0,0

	!byte 0,0,0,0,0,0,0,0
	!byte 0,0,0,0,0,0,0,0
	!byte 0,0,0,0,0,0,0,0
	!byte 0,0,0,0,0,0,0,0
	!byte 0,0,0,0,0,0,0,0
	!byte 24,12,6,3,1,0,0,0
	!byte 199,30,48,0,128,192,64,96
	!byte 192,0,0,0,0,0,0,0
	!byte 19,51,49,49,49,48,48,48
	!byte 0,128,128,128,192,192,192,96
	!byte 0,0,0,0,0,0,0,0
	!byte 192,192,224,96,112,56,28,14
	!byte 0,0,0,0,0,0,0,0
	!byte 0,0,0,0,0,0,0,0
	!byte 3,3,6,6,14,28,24,56
	!byte 192,224,112,56,28,14,6,3
	!byte 0,0,0,0,0,0,0,0
	!byte 0,0,0,0,0,0,0,0
	!byte 0,0,0,0,0,0,0,0
	!byte 0,0,0,0,0,0,0,0
	!byte 0,0,0,0,0,0,0,0
	!byte 0,0,0,0,0,0,0,0
	!byte 0,0,0,0,0,0,0,0
	!byte 0,0,0,0,0,0,0,0
	!byte 0,0,0,0,0,0,0,0
	!byte 0,0,0,0,0,0,0,0
	!byte 0,0,0,0,0,0,0,0
	!byte 0,0,0,0,0,0,0,0
	!byte 0,0,0,0,0,0,0,0
	!byte 0,0,0,0,0,0,0,0
	!byte 0,0,0,0,0,0,0,0
	!byte 0,0,0,0,0,0,0,0
	!byte 0,0,0,0,0,0,0,0
	!byte 0,0,0,0,0,0,0,0
	!byte 0,0,0,0,0,0,0,0
	!byte 0,0,0,0,0,0,0,0
	!byte 0,0,0,0,0,0,0,0
	!byte 0,0,0,0,0,0,0,0
	!byte 0,0,0,0,0,0,0,0
	!byte 0,0,0,0,0,0,0,0

	!byte 0,0,0,0,0,0,0,0
	!byte 0,0,0,0,0,0,0,0
	!byte 0,0,0,0,0,0,0,0
	!byte 0,0,0,0,0,0,0,0
	!byte 0,0,0,0,0,0,0,0
	!byte 0,0,0,0,0,0,0,0
	!byte 32,0,0,24,24,24,24,24
	!byte 0,0,0,0,0,0,0,0
	!byte 48,48,48,48,48,48,48,56
	!byte 96,48,56,28,12,7,7,1
	!byte 0,0,0,0,0,0,128,192
	!byte 7,3,1,0,0,0,0,0
	!byte 0,128,224,252,63,7,0,7
	!byte 0,1,1,29,252,192,0,0
	!byte 112,224,192,0,0,0,0,0
	!byte 1,1,0,0,0,0,0,0
	!byte 128,128,128,0,0,0,0,0
	!byte 0,0,0,0,0,0,0,0
	!byte 0,0,0,0,0,0,0,0
	!byte 0,0,0,0,0,0,0,0
	!byte 0,0,0,0,0,0,0,0
	!byte 0,0,0,0,0,0,0,0
	!byte 0,0,0,0,0,0,0,0
	!byte 0,0,0,0,0,0,0,0
	!byte 0,0,0,0,0,0,0,0
	!byte 0,0,0,0,0,0,0,0
	!byte 0,0,0,0,0,0,0,0
	!byte 0,0,0,0,0,0,0,0
	!byte 0,0,0,0,0,0,0,0
	!byte 0,0,0,0,0,0,0,0
	!byte 0,0,0,0,0,0,0,0
	!byte 0,0,0,0,0,0,0,0
	!byte 0,0,0,0,0,0,0,0
	!byte 0,0,0,0,0,0,0,0
	!byte 0,0,0,0,0,0,0,0
	!byte 0,0,0,0,0,0,0,0
	!byte 0,0,0,0,0,0,0,0
	!byte 0,0,0,0,0,0,0,0
	!byte 0,0,0,0,0,0,0,0
	!byte 0,0,0,0,0,0,0,0

	!byte 0,0,0,0,0,0,0,0
	!byte 0,0,0,0,0,0,0,0
	!byte 0,0,0,0,0,0,0,0
	!byte 0,0,0,0,0,0,0,0
	!byte 0,0,0,0,0,0,0,0
	!byte 0,0,0,0,0,0,0,0
	!byte 56,48,48,48,48,112,96,96
	!byte 0,0,0,0,0,0,0,0
	!byte 56,24,24,24,24,8,0,0
	!byte 0,0,0,0,0,0,0,0
	!byte 12,129,224,248,51,51,19,147
	!byte 0,0,255,255,48,0,0,0
	!byte 30,248,224,128,0,0,0,0
	!byte 0,0,0,0,0,0,0,0
	!byte 0,0,0,0,0,0,0,0
	!byte 0,0,0,0,0,0,0,0
	!byte 0,0,0,0,0,0,0,0
	!byte 0,0,0,0,0,0,0,0
	!byte 0,0,0,0,0,0,0,0
	!byte 0,0,0,0,0,0,0,0
	!byte 0,0,0,0,0,0,0,0
	!byte 0,0,0,0,0,0,0,0
	!byte 0,0,0,0,0,0,0,0
	!byte 0,0,0,0,0,0,0,0
	!byte 0,0,0,0,0,0,0,0
	!byte 0,0,0,0,0,0,0,0
	!byte 0,0,0,0,0,0,0,0
	!byte 0,0,0,0,0,0,0,0
	!byte 0,0,0,0,0,0,0,0
	!byte 0,0,0,0,0,0,0,0
	!byte 0,0,0,0,0,0,0,0
	!byte 0,0,0,0,0,0,0,0
	!byte 0,0,0,0,0,0,0,0
	!byte 0,0,0,0,0,0,0,0
	!byte 0,0,0,0,0,0,0,0
	!byte 0,0,0,0,0,0,0,0
	!byte 0,0,0,0,0,0,0,0
	!byte 0,0,0,0,0,0,0,0
	!byte 0,0,0,0,0,0,0,0
	!byte 0,0,0,0,0,0,0,0

	!byte 0,0,0,0,0,0,0,0
	!byte 0,0,0,0,0,0,0,0
	!byte 0,0,0,0,0,0,0,0
	!byte 0,0,0,0,0,0,0,0
	!byte 0,0,0,0,0,0,0,0
	!byte 0,0,0,0,0,0,0,0
	!byte 96,96,224,224,224,192,0,96
	!byte 0,0,0,0,0,0,0,0
	!byte 6,6,7,7,3,3,1,0
	!byte 0,0,0,0,128,128,192,224
	!byte 147,147,147,147,147,147,147,19
	!byte 0,0,0,0,0,0,0,0
	!byte 0,0,0,0,0,0,0,0
	!byte 0,0,0,0,0,0,0,0
	!byte 0,0,0,0,0,0,0,0
	!byte 0,0,0,0,0,0,0,0
	!byte 0,0,0,0,0,0,0,0
	!byte 0,0,0,0,0,0,0,0
	!byte 0,0,0,0,0,0,0,0
	!byte 0,0,0,0,0,0,0,0
	!byte 0,0,0,0,0,0,0,0
	!byte 0,0,0,0,0,0,0,0
	!byte 0,0,0,0,0,0,0,0
	!byte 0,0,0,0,0,0,0,0
	!byte 0,0,0,0,0,0,0,0
	!byte 0,0,0,0,0,0,0,0
	!byte 0,0,0,0,0,0,0,0
	!byte 0,0,0,0,0,0,0,0
	!byte 0,0,0,0,0,0,0,0
	!byte 0,0,0,0,0,0,0,0
	!byte 0,0,0,0,0,0,0,0
	!byte 0,0,0,0,0,0,0,0
	!byte 0,0,0,0,0,0,0,0
	!byte 0,0,0,0,0,0,0,0
	!byte 0,0,0,0,0,0,0,0
	!byte 0,0,0,0,0,0,0,0
	!byte 0,0,0,0,0,0,0,0
	!byte 0,0,0,0,0,0,0,0
	!byte 0,0,0,0,0,0,0,0
	!byte 0,0,0,0,0,0,0,0

	!byte 0,0,0,0,0,0,0,0
	!byte 0,0,0,0,0,0,0,0
	!byte 0,0,0,0,0,0,0,0
	!byte 0,0,0,0,0,0,0,0
	!byte 0,0,0,0,0,0,0,0
	!byte 0,0,0,0,0,0,0,0
	!byte 96,96,112,112,112,56,56,28
	!byte 0,0,0,0,0,0,0,0
	!byte 0,0,0,0,0,0,0,0
	!byte 192,127,31,4,0,0,0,0
	!byte 204,204,140,28,28,28,24,24
	!byte 0,0,0,0,0,0,0,0
	!byte 0,0,0,0,0,0,0,0
	!byte 0,0,0,0,0,0,0,0
	!byte 0,0,0,0,0,0,0,0
	!byte 0,0,0,0,0,0,0,0
	!byte 0,0,0,0,0,0,0,0
	!byte 0,0,0,0,0,0,0,0
	!byte 0,0,0,0,0,0,0,0
	!byte 0,0,0,0,0,0,0,0
	!byte 0,0,0,0,0,0,0,0
	!byte 0,0,0,0,0,0,0,0
	!byte 0,0,0,0,0,0,0,0
	!byte 0,0,0,0,0,0,0,0
	!byte 0,0,0,0,0,0,0,0
	!byte 0,0,0,0,0,0,0,0
	!byte 0,0,0,0,0,0,0,0
	!byte 0,0,0,0,0,0,0,0
	!byte 0,0,0,0,0,0,0,0
	!byte 0,0,0,0,0,0,0,0
	!byte 0,0,0,0,0,0,0,0
	!byte 0,0,0,0,0,0,0,0
	!byte 0,0,0,0,0,0,0,0
	!byte 0,0,0,0,0,0,0,0
	!byte 0,0,0,0,0,0,0,0
	!byte 0,0,0,0,0,0,0,0
	!byte 0,0,0,0,0,0,0,0
	!byte 0,0,0,0,0,0,0,0
	!byte 0,0,0,0,0,0,0,0
	!byte 0,0,0,0,0,0,0,0

	!byte 0,0,0,0,0,0,0,0
	!byte 0,0,0,0,0,0,0,0
	!byte 0,0,0,0,0,0,0,0
	!byte 0,0,0,0,0,0,0,0
	!byte 0,0,0,0,0,0,0,0
	!byte 0,0,0,0,0,0,0,0
	!byte 28,14,7,3,1,0,0,0
	!byte 0,0,0,128,192,192,127,31
	!byte 0,0,0,0,0,0,12,159
	!byte 0,0,0,1,7,31,252,192
	!byte 56,48,112,224,192,0,0,0
	!byte 0,0,0,0,0,0,0,0
	!byte 0,0,0,0,0,0,0,0
	!byte 0,0,0,0,0,0,0,0
	!byte 0,0,0,0,0,0,0,0
	!byte 0,0,0,0,0,0,0,0
	!byte 0,0,0,0,0,0,0,0
	!byte 0,0,0,0,0,0,0,0
	!byte 0,0,0,0,0,0,0,0
	!byte 0,0,0,0,0,0,0,0
	!byte 0,0,0,0,0,0,0,0
	!byte 0,0,0,0,0,0,0,0
	!byte 0,0,0,0,0,0,0,0
	!byte 0,0,0,0,0,0,0,0
	!byte 0,0,0,0,0,0,0,0
	!byte 0,0,0,0,0,0,0,0
	!byte 0,0,0,0,0,0,0,0
	!byte 0,0,0,0,0,0,0,0
	!byte 0,0,0,0,0,0,0,0
	!byte 0,0,0,0,0,0,0,0
	!byte 0,0,0,0,0,0,0,0
	!byte 0,0,0,0,0,0,0,0
	!byte 0,0,0,0,0,0,0,0
	!byte 0,0,0,0,0,0,0,0
	!byte 0,0,0,0,0,0,0,0
	!byte 0,0,0,0,0,0,0,0
	!byte 0,0,0,0,0,0,0,0
	!byte 0,0,0,0,0,0,0,0
	!byte 0,0,0,0,0,0,0,0
	!byte 0,0,0,0,0,0,0,0

	!byte 0,0,0,0,0,0,0,0
	!byte 0,0,0,0,0,0,0,0
	!byte 0,0,0,0,0,0,0,0
	!byte 0,0,0,0,0,0,0,0
	!byte 0,0,0,0,0,0,0,0
	!byte 0,0,0,0,0,0,0,0
	!byte 0,0,0,0,0,0,0,0
	!byte 1,0,0,0,0,0,0,0
	!byte 31,0,0,0,0,0,0,0
	!byte 0,0,0,0,0,0,0,0
	!byte 0,0,0,0,0,0,0,0
	!byte 0,0,0,0,0,0,0,0
	!byte 0,0,0,0,0,0,0,0
	!byte 0,0,0,0,0,0,0,0
	!byte 0,0,0,0,0,0,0,0
	!byte 0,0,0,0,0,0,0,0
	!byte 0,0,0,0,0,0,0,0
	!byte 0,0,0,0,0,0,0,0
	!byte 0,0,0,0,0,0,0,0
	!byte 0,0,0,0,0,0,0,0
	!byte 0,0,0,0,0,0,0,0
	!byte 0,0,0,0,0,0,0,0
	!byte 0,0,0,0,0,0,0,0
	!byte 0,0,0,0,0,0,0,0
	!byte 0,0,0,0,0,0,0,0
	!byte 0,0,0,0,0,0,0,0
	!byte 0,0,0,0,0,0,0,0
	!byte 0,0,0,0,0,0,0,0
	!byte 0,0,0,0,0,0,0,0
	!byte 0,0,0,0,0,0,0,0
	!byte 0,0,0,0,0,0,0,0
	!byte 0,0,0,0,0,0,0,0
	!byte 0,0,0,0,0,0,0,0
	!byte 0,0,0,0,0,0,0,0
	!byte 0,0,0,0,0,0,0,0
	!byte 0,0,0,0,0,0,0,0
	!byte 0,0,0,0,0,0,0,0
	!byte 0,0,0,0,0,0,0,0
	!byte 0,0,0,0,0,0,0,0
	!byte 0,0,0,0,0,0,0,0



; The following two first values are border and background
.colora:
  !byte 6,255
	!byte 12,12,12,12,12,12,12,12,12,12,12,12,12,12,12,12,12,12,12,12,12,12,12,12,12,12,12,12,12,12,12,12,12,12,12,12,12,12,12,12
	!byte 12,12,12,12,12,12,12,192,192,12,12,12,12,12,12,12,12,12,12,12,12,12,12,12,12,12,12,12,12,12,12,12,12,12,12,12,12,12,12,12
	!byte 12,12,12,12,12,192,12,192,12,12,12,12,12,12,12,12,12,12,12,12,12,12,12,12,12,12,12,12,12,12,12,12,12,12,12,12,12,12,12,12
	!byte 12,12,12,12,192,192,12,12,192,12,192,12,12,12,12,12,12,12,12,12,12,12,12,12,12,12,12,12,12,12,12,12,12,12,12,12,12,12,12,12
	!byte 12,12,12,12,12,12,192,192,192,192,192,12,12,12,12,12,12,12,12,12,12,12,12,12,12,12,12,12,12,12,12,12,12,12,12,12,12,12,12,12
	!byte 12,12,12,12,12,192,192,12,192,12,12,12,12,12,12,12,12,12,12,12,12,12,12,12,12,12,12,12,12,12,12,12,12,12,12,12,12,12,12,12
	!byte 12,12,12,12,12,12,12,12,12,12,12,12,12,12,12,12,12,12,12,12,12,12,12,12,12,12,12,12,12,12,12,12,12,12,12,12,12,12,12,12
	!byte 12,12,12,12,12,12,12,12,12,12,12,12,12,12,12,12,12,12,12,12,12,12,12,12,12,12,12,12,12,12,12,12,12,12,12,12,12,12,12,12
	!byte 12,12,12,12,12,12,12,12,12,12,192,12,12,12,12,12,12,12,12,12,12,12,12,12,12,12,12,12,12,12,12,12,12,12,12,12,12,12,12,12
	!byte 12,12,12,12,12,12,12,12,12,12,192,12,12,12,12,12,12,12,12,12,12,12,12,12,12,12,12,12,12,12,12,12,12,12,12,12,12,12,12,12
	!byte 12,12,12,12,12,12,12,12,12,12,12,12,12,12,12,12,12,12,12,12,12,12,12,12,12,12,12,12,12,12,12,12,12,12,12,12,12,12,12,12
	!byte 12,12,12,12,12,12,12,12,12,12,12,12,12,12,12,12,12,12,12,12,12,12,12,12,12,12,12,12,12,12,12,12,12,12,12,12,12,12,12,12
	!byte 12,12,12,12,12,12,12,12,12,12,12,12,12,12,12,12,12,12,12,12,12,12,12,12,12,12,12,12,12,12,12,12,12,12,12,12,12,12,12,12

