;machine=10 (c64m)
	!byte 255,192,192,192,192,192,192,192
	!byte 255,0,0,0,0,0,0,0
	!byte 255,0,0,0,0,0,0,0
	!byte 255,0,0,0,0,0,0,0
	!byte 255,0,0,0,0,0,0,0
	!byte 255,0,0,0,0,0,0,0
	!byte 255,0,0,0,0,0,0,0
	!byte 255,0,0,0,0,0,0,0
	!byte 255,0,0,0,0,0,0,0
	!byte 255,0,0,0,0,0,0,0
	!byte 255,0,0,0,0,0,0,0
	!byte 255,0,0,0,0,0,0,0
	!byte 255,0,0,0,0,0,0,0
	!byte 255,0,0,0,0,0,0,0
	!byte 255,0,0,0,0,0,0,0
	!byte 255,0,0,0,0,0,0,0
	!byte 255,0,0,0,0,0,0,0
	!byte 255,0,0,0,0,0,0,0
	!byte 255,0,0,0,0,0,0,0
	!byte 255,0,0,0,0,0,0,0
	!byte 255,0,0,0,0,0,0,0
	!byte 255,0,0,0,0,0,0,0
	!byte 255,0,0,0,0,0,0,0
	!byte 255,0,0,0,0,0,0,0
	!byte 255,0,0,0,0,0,0,0
	!byte 255,0,0,0,0,0,0,0
	!byte 255,0,0,0,0,0,0,0
	!byte 255,0,0,0,0,0,0,0
	!byte 255,0,0,0,0,0,0,0
	!byte 255,0,0,0,0,0,0,0
	!byte 255,0,0,0,0,0,0,0
	!byte 255,0,0,0,0,0,0,0
	!byte 255,0,0,0,0,0,0,0
	!byte 255,0,0,0,0,0,0,0
	!byte 255,0,0,0,0,0,0,0
	!byte 255,0,0,0,0,0,0,0
	!byte 255,0,0,0,0,0,0,0
	!byte 255,0,0,0,0,0,0,0
	!byte 255,0,0,0,0,0,0,0
	!byte 255,3,3,3,3,3,3,3

	!byte 192,192,192,192,192,192,192,192
	!byte 0,3,3,3,3,3,3,3
	!byte 255,85,85,85,85,89,102,153
	!byte 85,170,170,170,186,238,187,238
	!byte 85,170,170,170,170,174,191,254
	!byte 85,169,169,169,185,237,185,237
	!byte 0,0,0,0,0,0,0,0
	!byte 0,0,0,0,0,0,0,0
	!byte 0,0,0,0,0,0,0,0
	!byte 170,213,213,213,213,213,213,213
	!byte 255,87,87,87,87,87,87,87
	!byte 0,0,0,0,0,0,0,0
	!byte 0,0,0,0,0,0,0,0
	!byte 0,0,0,0,0,0,0,0
	!byte 170,213,213,213,213,213,213,213
	!byte 255,87,87,87,87,87,87,87
	!byte 0,0,0,0,0,0,0,0
	!byte 255,149,149,149,149,149,149,170
	!byte 255,87,87,87,87,87,87,171
	!byte 0,0,0,0,0,0,0,0
	!byte 0,0,0,0,0,0,0,0
	!byte 0,0,0,0,0,0,0,0
	!byte 0,0,0,0,0,0,0,0
	!byte 0,0,0,0,0,0,0,0
	!byte 0,0,0,0,0,0,0,0
	!byte 85,191,191,191,191,191,191,191
	!byte 85,255,255,255,255,255,255,255
	!byte 85,255,255,255,255,255,255,255
	!byte 85,253,253,253,253,253,253,253
	!byte 0,0,0,0,0,0,0,0
	!byte 170,127,127,127,127,127,127,127
	!byte 85,255,255,255,255,255,255,255
	!byte 85,255,255,255,255,255,255,255
	!byte 85,253,253,253,253,253,253,253
	!byte 0,0,0,0,0,0,0,0
	!byte 170,127,127,127,127,127,127,127
	!byte 85,255,255,255,255,255,255,255
	!byte 85,255,255,255,255,255,255,255
	!byte 85,253,253,253,253,253,253,253
	!byte 3,3,3,3,3,3,3,3

	!byte 192,192,192,192,192,192,192,192
	!byte 3,3,3,3,3,3,3,3
	!byte 166,170,234,170,234,186,238,251
	!byte 191,255,255,255,255,253,247,221
	!byte 255,255,255,255,255,223,87,221
	!byte 253,253,245,253,245,221,117,221
	!byte 0,0,0,0,0,0,0,0
	!byte 0,0,0,0,0,0,0,0
	!byte 0,0,0,0,0,0,0,0
	!byte 213,213,213,213,213,213,213,213
	!byte 87,87,87,87,87,87,87,87
	!byte 0,0,0,0,0,0,0,0
	!byte 0,0,0,0,0,0,0,0
	!byte 0,0,0,0,0,0,0,0
	!byte 213,213,213,213,213,213,213,213
	!byte 87,87,87,87,87,87,87,87
	!byte 0,0,0,0,0,0,0,0
	!byte 0,0,0,0,0,0,0,0
	!byte 0,0,0,0,0,0,0,0
	!byte 0,0,0,0,0,0,0,0
	!byte 0,0,0,0,0,0,0,0
	!byte 0,0,0,0,0,0,0,0
	!byte 0,0,0,0,0,0,0,0
	!byte 0,0,0,0,0,0,0,0
	!byte 0,0,0,0,0,0,0,0
	!byte 127,127,127,127,127,127,127,127
	!byte 255,255,255,255,255,255,255,253
	!byte 255,255,255,255,255,255,255,85
	!byte 253,253,253,253,253,253,253,169
	!byte 0,0,0,0,0,0,0,0
	!byte 127,127,127,127,127,127,127,127
	!byte 253,253,253,253,253,253,253,253
	!byte 191,127,127,127,127,127,127,127
	!byte 253,253,253,253,253,253,253,253
	!byte 0,0,0,0,0,0,0,0
	!byte 127,127,127,127,127,127,127,127
	!byte 255,255,255,255,255,255,255,253
	!byte 255,255,255,255,255,255,255,85
	!byte 254,254,254,254,254,254,254,86
	!byte 3,3,3,3,3,3,3,3

	!byte 192,192,192,192,192,192,192,192
	!byte 3,3,3,3,3,3,3,3
	!byte 255,255,255,255,255,255,251,238
	!byte 229,186,255,255,255,255,255,255
	!byte 85,170,255,255,255,255,255,0
	!byte 87,172,252,252,252,252,252,0
	!byte 0,0,0,0,0,0,0,0
	!byte 170,213,213,213,213,213,213,213
	!byte 255,85,85,85,85,85,85,85
	!byte 213,85,85,85,85,85,85,85
	!byte 87,87,87,87,87,87,87,87
	!byte 0,0,0,0,0,0,0,0
	!byte 170,213,213,213,213,213,213,213
	!byte 255,85,85,85,85,85,85,85
	!byte 213,85,85,85,85,85,85,85
	!byte 87,87,87,87,87,87,87,87
	!byte 0,0,0,0,0,0,0,0
	!byte 255,149,149,149,149,149,149,149
	!byte 255,87,87,87,87,87,87,87
	!byte 0,0,0,0,0,0,0,0
	!byte 255,149,149,149,149,149,149,149
	!byte 255,85,85,85,85,85,85,85
	!byte 255,85,85,85,85,85,85,85
	!byte 255,87,87,87,87,87,87,87
	!byte 0,0,0,0,0,0,0,0
	!byte 127,127,127,127,127,127,127,127
	!byte 255,255,255,255,255,255,255,253
	!byte 253,253,253,253,253,253,253,169
	!byte 0,0,0,0,0,0,0,0
	!byte 0,0,0,0,0,0,0,0
	!byte 127,127,127,127,127,127,127,127
	!byte 85,85,85,85,85,85,85,85
	!byte 85,85,85,85,85,85,85,85
	!byte 253,253,253,253,253,253,253,253
	!byte 0,0,0,0,0,0,0,0
	!byte 127,127,127,127,127,127,127,127
	!byte 255,255,255,255,255,255,255,253
	!byte 254,254,254,254,254,254,254,86
	!byte 0,0,0,0,0,0,0,0
	!byte 3,3,3,3,3,3,3,3

	!byte 192,192,192,192,192,192,192,192
	!byte 3,3,3,3,3,3,3,3
	!byte 187,238,187,238,186,234,170,170
	!byte 213,119,221,127,255,255,255,255
	!byte 85,117,221,247,253,255,255,255
	!byte 85,117,93,117,221,125,253,253
	!byte 0,0,0,0,0,0,0,0
	!byte 213,213,213,213,213,213,213,213
	!byte 255,255,255,255,255,255,255,255
	!byte 213,213,213,213,213,213,213,213
	!byte 87,87,87,87,87,87,87,87
	!byte 0,0,0,0,0,0,0,0
	!byte 213,213,213,213,213,213,213,213
	!byte 255,255,255,255,255,255,255,255
	!byte 213,213,213,213,213,213,213,213
	!byte 87,87,87,87,87,87,87,87
	!byte 0,0,0,0,0,0,0,0
	!byte 213,213,213,213,213,213,213,213
	!byte 87,87,87,87,87,87,87,87
	!byte 0,0,0,0,0,0,0,0
	!byte 213,213,213,213,213,213,213,213
	!byte 90,85,85,85,85,85,85,95
	!byte 165,85,85,85,85,85,85,255
	!byte 87,87,87,87,87,87,87,255
	!byte 0,0,0,0,0,0,0,0
	!byte 127,127,127,127,127,127,127,127
	!byte 253,253,253,253,253,253,253,253
	!byte 0,0,0,0,0,0,0,0
	!byte 0,0,0,0,0,0,0,0
	!byte 0,0,0,0,0,0,0,0
	!byte 127,127,127,127,127,127,127,127
	!byte 253,253,253,253,253,253,253,253
	!byte 127,127,127,127,127,127,127,127
	!byte 253,253,253,253,253,253,253,253
	!byte 0,0,0,0,0,0,0,0
	!byte 127,127,127,127,127,127,127,127
	!byte 253,253,253,253,253,253,253,253
	!byte 0,0,0,0,0,0,0,0
	!byte 0,0,0,0,0,0,0,0
	!byte 3,3,3,3,3,3,3,3

	!byte 192,192,192,192,192,192,192,192
	!byte 3,3,3,3,3,3,3,3
	!byte 255,127,253,119,221,119,93,85
	!byte 255,255,253,119,221,85,85,85
	!byte 255,247,223,119,221,117,85,85
	!byte 171,171,171,103,155,87,87,85
	!byte 0,0,0,0,0,0,0,0
	!byte 213,213,213,213,213,213,213,255
	!byte 85,85,85,85,85,85,85,255
	!byte 85,85,85,85,85,85,85,255
	!byte 86,86,86,86,86,86,86,254
	!byte 0,0,0,0,0,0,0,0
	!byte 213,213,213,213,213,213,213,255
	!byte 85,85,85,85,85,85,85,255
	!byte 85,85,85,85,85,85,85,255
	!byte 86,86,86,86,86,86,86,254
	!byte 0,0,0,0,0,0,0,0
	!byte 213,213,213,213,213,213,213,255
	!byte 87,87,87,87,87,87,87,171
	!byte 0,0,0,0,0,0,0,0
	!byte 213,213,213,213,213,213,213,255
	!byte 85,85,85,85,85,85,85,255
	!byte 85,85,85,85,85,85,85,255
	!byte 87,87,87,87,87,87,87,171
	!byte 0,0,0,0,0,0,0,0
	!byte 127,127,127,127,127,127,127,85
	!byte 253,253,253,253,253,253,253,169
	!byte 0,0,0,0,0,0,0,0
	!byte 0,0,0,0,0,0,0,0
	!byte 0,0,0,0,0,0,0,0
	!byte 127,127,127,127,127,127,127,85
	!byte 254,254,254,254,254,254,254,86
	!byte 127,127,127,127,127,127,127,85
	!byte 254,254,254,254,254,254,254,86
	!byte 0,0,0,0,0,0,0,0
	!byte 127,127,127,127,127,127,127,85
	!byte 254,254,254,254,254,254,254,86
	!byte 0,0,0,0,0,0,0,0
	!byte 0,0,0,0,0,0,0,0
	!byte 3,3,3,3,3,3,3,3

	!byte 192,192,192,192,192,192,192,255
	!byte 0,0,0,0,0,0,0,255
	!byte 0,0,0,0,0,0,0,255
	!byte 0,0,0,0,0,0,0,170
	!byte 0,0,0,0,0,0,0,170
	!byte 0,0,0,0,0,0,0,255
	!byte 0,0,0,0,0,0,0,255
	!byte 0,0,0,0,0,0,0,255
	!byte 0,0,0,0,0,0,0,255
	!byte 0,0,0,0,0,0,0,255
	!byte 0,0,0,0,0,0,0,255
	!byte 0,0,0,0,0,0,0,255
	!byte 0,0,0,0,0,0,0,255
	!byte 0,0,0,0,0,0,0,255
	!byte 0,0,0,0,0,0,0,255
	!byte 0,0,0,0,0,0,0,255
	!byte 0,0,0,0,0,0,0,255
	!byte 0,0,0,0,0,0,0,255
	!byte 0,0,0,0,0,0,0,255
	!byte 0,0,0,0,0,0,0,255
	!byte 0,0,0,0,0,0,0,255
	!byte 0,0,0,0,0,0,0,255
	!byte 0,0,0,0,0,0,0,255
	!byte 0,0,0,0,0,0,0,255
	!byte 0,0,0,0,0,0,0,255
	!byte 0,0,0,0,0,0,0,255
	!byte 0,0,0,0,0,0,0,255
	!byte 0,0,0,0,0,0,0,255
	!byte 0,0,0,0,0,0,0,255
	!byte 0,0,0,0,0,0,0,255
	!byte 0,0,0,0,0,0,0,255
	!byte 0,0,0,0,0,0,0,255
	!byte 0,0,0,0,0,0,0,255
	!byte 0,0,0,0,0,0,0,255
	!byte 0,0,0,0,0,0,0,255
	!byte 0,0,0,0,0,0,0,255
	!byte 0,0,0,0,0,0,0,255
	!byte 0,0,0,0,0,0,0,255
	!byte 0,0,0,0,0,0,0,255
	!byte 3,3,3,3,3,3,3,255


; The following two first values are border and background
  !byte 6,0
colora:
	!byte 1,1,1,1,1,1,1,1,1,1,1,1,1,1,1,1,1,1,1,1,1,1,1,1,1,1,1,1,1,1,1,1,1,10,1,1,1,1,1,1
	!byte 1,6,29,49,49,49,0,0,0,227,225,0,0,0,227,225,0,230,230,0,0,0,0,0,0,169,161,161,161,0,154,161,161,161,0,154,161,161,161,1
	!byte 1,6,29,49,62,62,0,0,0,225,225,0,0,0,225,225,0,0,0,0,0,0,0,0,0,145,145,145,169,0,145,161,154,161,1,145,145,145,154,1
	!byte 1,6,110,109,110,110,0,227,225,225,225,0,227,225,225,225,0,230,225,0,230,225,225,225,0,145,145,169,0,0,145,142,142,161,1,145,161,154,0,1
	!byte 1,6,110,62,62,62,0,225,14,225,225,0,225,14,225,225,0,225,225,0,225,230,230,225,0,145,161,0,0,0,145,161,145,161,0,145,161,0,0,1
	!byte 1,6,110,110,110,110,0,225,225,225,227,3,225,225,225,227,0,225,230,0,225,225,225,230,0,145,169,0,0,0,145,154,145,154,0,145,154,0,0,1
	!byte 1,1,1,97,97,1,1,1,1,1,1,1,1,1,1,1,1,1,1,1,1,1,1,1,1,1,1,1,1,1,1,1,1,1,1,1,1,1,1,1
	!byte 0,0,0,0,0,0,0,0,0,0,0,0,0,0,0,0,0,0,0,0,0,0,0,0,0,0,0,0,0,0,0,0,0,0,0,0,0,0,0,0
	!byte 0,0,0,0,0,0,0,0,0,0,0,0,0,0,0,0,0,0,0,0,0,0,0,0,0,0,0,0,0,0,0,0,0,0,0,0,0,0,0,0
	!byte 0,0,0,0,0,0,0,0,0,0,0,0,0,0,0,0,0,0,0,0,0,0,0,0,0,0,0,0,0,0,0,0,0,0,0,0,0,0,0,0
	!byte 0,0,0,0,0,0,0,0,0,0,0,0,0,0,0,0,0,0,0,0,0,0,0,0,0,0,0,0,0,0,0,0,0,0,0,0,0,0,0,0
	!byte 0,0,0,0,0,0,0,0,0,0,0,0,0,0,0,0,0,0,0,0,0,0,0,0,0,0,0,0,0,0,0,0,0,0,0,0,0,0,0,0

; The following goes to $D800 onwards
colorb:
	!byte 1,1,1,1,1,1,1,1,1,1,1,1,1,1,1,1,1,1,1,1,1,1,1,1,1,1,1,1,1,1,1,1,1,1,1,1,1,1,1,1
	!byte 1,6,3,13,13,13,0,0,0,6,3,0,0,0,6,3,0,3,3,0,0,0,0,0,0,8,8,8,8,0,8,8,8,8,0,8,8,8,8,1
	!byte 1,6,3,13,13,13,0,0,0,6,3,0,0,0,6,3,0,0,0,0,0,0,0,0,0,8,8,8,8,0,8,8,8,8,1,8,8,8,8,1
	!byte 1,6,3,3,3,3,0,6,3,3,3,0,6,3,3,3,0,3,3,0,3,3,3,3,0,8,8,8,0,0,8,14,14,8,1,8,8,8,0,1
	!byte 1,6,3,14,14,14,0,6,14,3,3,0,6,14,3,3,0,6,3,0,6,3,3,3,0,8,8,0,0,0,8,8,8,8,0,8,8,0,0,1
	!byte 1,6,14,14,14,3,0,6,6,6,6,3,6,6,6,6,0,6,3,0,6,6,6,3,0,8,8,0,0,0,8,8,8,8,0,8,8,0,0,1
	!byte 1,1,1,1,1,1,1,1,1,1,1,1,1,1,1,1,1,1,1,1,1,1,1,1,1,1,1,1,1,1,1,1,1,1,1,1,1,1,1,1
	!byte 0,0,0,0,0,0,0,0,0,0,0,0,0,0,0,0,0,0,0,0,0,0,0,0,0,0,0,0,0,0,0,0,0,0,0,0,0,0,0,0
	!byte 0,0,0,0,0,0,0,0,0,0,0,0,0,0,0,0,0,0,0,0,0,0,0,0,0,0,0,0,0,0,0,0,0,0,0,0,0,0,0,0
	!byte 0,0,0,0,0,0,0,0,0,0,0,0,0,0,0,0,0,0,0,0,0,0,0,0,0,0,0,0,0,0,0,0,0,0,0,0,0,0,0,0
	!byte 0,0,0,0,0,0,0,0,0,0,0,0,0,0,0,0,0,0,0,0,0,0,0,0,0,0,0,0,0,0,0,0,0,0,0,0,0,0,0,0
	!byte 0,0,0,0,0,0,0,0,0,0,0,0,0,0,0,0,0,0,0,0,0,0,0,0,0,0,0,0,0,0,0,0,0,0,0,0,0,0,0,0
